,expressionACTR2,expressionACTR3,expressionARPC1A,expressionARPC2,expressionARPC3,expressionARPC4,expressionARPC5,expressionACTR3B,expressionARPC1B,expressionARPC5L,survival,event
0,20.01,17.56,20.07,18.56,19.94,18.57,17.33,15.82,19.35,17.58,4047,0
1,20.45,19.0,20.39,19.37,20.31,19.78,18.25,14.71,19.76,18.78,4005,0
2,20.36,18.34,20.11,19.45,21.54,20.01,18.85,14.81,20.61,19.22,1474,0
3,20.23,18.44,19.85,19.76,20.67,19.65,18.55,14.56,19.42,18.17,1448,0
4,20.05,18.02,19.69,19.68,20.3,19.31,18.08,15.32,19.14,18.14,348,0
5,19.92,18.27,20.18,19.82,20.51,19.79,18.45,15.14,19.74,18.24,1477,0
6,20.28,18.59,19.9,20.12,20.85,20.37,18.78,14.8,19.86,18.41,1471,0
7,18.82,18.32,19.46,19.21,20.97,19.97,18.05,15.66,18.89,18.79,303,0
8,20.04,18.26,19.56,19.06,19.48,18.82,18.14,17.4,16.89,17.25,259,0
9,20.8,18.56,19.91,19.58,20.5,19.27,18.3,14.95,18.92,18.09,437,0
10,20.6,18.26,20.14,19.57,19.52,19.36,18.15,15.15,18.74,18.1,1321,0
11,20.31,18.34,20.09,19.32,20.04,19.5,18.44,15.58,19.01,18.24,1463,0
12,20.79,18.13,19.61,19.75,20.51,19.51,17.83,14.59,19.57,18.16,434,0
13,21.09,18.74,19.98,20.0,20.4,19.57,18.91,14.54,19.89,17.84,1437,0
14,20.93,19.1,19.77,19.82,20.42,19.39,18.98,14.55,19.8,18.05,635,0
15,20.81,18.61,19.96,19.18,20.17,19.28,18.72,14.26,19.11,17.2,416,0
16,20.28,18.64,20.22,18.7,20.02,18.62,18.87,17.35,17.45,18.7,967,1
17,20.85,18.92,20.25,19.76,20.64,19.32,18.99,14.54,20.29,17.6,242,0
18,21.14,18.63,20.58,19.46,21.01,19.37,18.71,14.28,20.37,18.16,1196,0
19,21.59,19.12,19.7,19.13,19.72,20.53,18.43,13.06,16.45,17.64,852,0
20,20.65,18.86,20.36,20.02,19.87,19.73,19.12,17.04,19.04,18.57,584,0
21,20.61,18.1,19.77,19.01,20.8,19.31,18.77,14.78,18.98,17.9,554,0
22,20.59,18.3,19.74,19.5,20.26,19.33,18.12,15.15,19.43,18.12,4354,0
23,21.18,19.15,20.87,19.51,21.33,20.49,19.38,17.0,20.11,19.99,548,1
24,20.76,19.55,19.59,20.11,20.62,20.17,19.19,15.11,20.0,18.64,2385,0
25,20.47,18.32,20.34,19.47,20.32,19.26,18.94,15.26,18.44,18.71,3709,0
26,20.97,19.51,20.04,19.44,19.96,21.0,19.37,17.01,18.63,19.33,2246,0
27,21.02,19.2,21.41,20.56,20.76,21.13,19.03,17.43,18.69,20.94,2654,0
28,20.39,18.43,20.23,19.91,20.75,19.83,18.42,14.87,18.75,18.09,1920,1
29,21.05,19.79,20.97,20.19,21.19,19.91,18.43,14.44,20.59,19.35,3102,0
30,20.66,19.13,19.26,19.76,21.4,19.76,18.42,14.25,18.83,18.52,1686,0
31,20.83,18.55,19.61,19.43,21.55,19.53,18.44,14.59,19.4,18.45,1099,0
32,19.78,17.77,20.45,19.53,20.22,19.79,18.16,15.59,19.46,18.16,4159,0
33,21.07,18.98,19.78,19.89,20.66,19.08,18.56,14.27,19.82,17.95,3015,0
34,20.95,19.4,19.91,19.96,20.83,19.95,18.95,16.22,19.12,18.56,754,1
35,20.1,18.21,19.78,19.32,19.88,19.55,17.99,14.83,19.91,18.01,3492,1
36,20.41,18.38,20.12,19.9,20.68,19.97,18.25,16.15,19.87,18.27,2813,0
37,20.3,18.15,20.07,19.05,20.81,19.98,18.62,15.03,19.66,18.29,2695,0
38,19.56,18.08,20.39,20.31,21.05,21.08,18.63,15.0,21.16,19.08,3283,0
39,20.47,18.27,19.86,19.72,21.41,19.97,18.77,15.25,19.52,18.54,2348,1
40,20.59,18.3,20.64,19.02,20.4,19.47,18.25,14.24,18.52,17.88,2289,0
41,20.58,18.16,20.31,19.09,20.16,19.39,18.39,15.41,19.34,18.26,158,1
42,19.85,18.24,20.38,19.31,20.81,19.68,18.7,15.52,19.74,18.52,3011,0
43,20.81,18.79,20.48,18.98,21.37,20.88,18.97,15.36,20.08,19.31,3283,0
44,21.29,19.48,19.99,19.86,20.86,19.51,18.68,15.07,20.25,18.76,1728,0
45,20.43,18.4,19.62,19.21,21.29,20.55,19.14,15.63,19.96,18.29,1673,0
46,20.56,18.52,19.84,19.78,20.59,19.88,18.34,15.22,19.6,17.98,1616,0
47,21.11,20.37,20.85,19.75,21.66,19.86,19.02,17.29,20.88,19.41,2048,0
48,20.87,18.47,20.39,19.51,19.69,20.0,17.15,17.92,17.53,18.56,1051,0
49,20.23,18.66,21.05,19.92,19.83,19.81,18.53,17.16,20.39,18.5,1027,0
50,20.95,18.91,19.83,19.09,20.43,19.4,18.85,15.37,18.78,18.11,1873,0
51,20.17,18.49,20.68,19.26,19.83,18.6,18.65,14.01,19.27,18.83,767,0
52,20.92,18.56,20.16,19.65,20.18,19.55,18.95,15.02,18.63,17.93,3094,0
53,20.99,19.14,20.01,19.91,20.61,19.8,18.71,14.86,19.93,18.08,2718,0
54,20.58,18.65,19.92,19.67,20.47,19.46,18.55,15.48,18.86,17.49,2442,0
55,20.6,18.85,19.67,20.34,20.79,20.1,18.83,14.43,20.93,18.16,3603,0
56,21.19,19.3,19.96,19.93,20.84,19.84,18.79,16.49,19.69,18.61,2426,0
57,21.25,18.61,20.23,19.52,20.5,19.15,17.74,14.64,18.22,18.1,2263,0
58,20.42,18.45,19.8,19.32,19.91,19.05,18.14,14.53,18.67,17.34,2190,0
59,20.44,17.92,20.02,19.15,20.89,18.79,18.28,14.59,17.78,17.38,1066,0
60,20.62,18.38,19.77,19.1,20.95,19.06,18.44,14.72,18.84,17.75,1043,0
61,20.98,18.59,20.35,19.7,20.75,19.7,18.38,15.11,19.6,17.5,968,0
62,20.68,18.2,19.76,19.34,20.04,19.03,18.09,14.81,18.96,17.52,1884,1
63,20.71,18.73,20.55,19.72,20.38,19.7,18.1,15.29,19.07,17.9,752,0
64,21.33,19.19,20.65,19.72,20.36,19.68,19.19,15.09,20.22,18.26,1925,0
65,21.11,19.14,20.07,20.08,20.64,20.03,18.98,16.92,20.2,18.21,3017,0
66,20.83,18.65,19.92,19.68,20.42,19.8,18.65,14.4,19.31,18.48,1662,0
67,20.51,19.11,20.38,20.27,20.33,19.86,18.92,15.55,20.79,18.98,825,1
68,20.56,18.9,20.35,19.83,20.98,19.62,18.98,15.11,19.52,18.54,1365,1
69,21.1,19.5,19.84,19.95,20.32,19.07,19.17,16.45,19.93,17.89,1534,0
70,20.81,18.52,20.11,19.82,20.45,19.59,18.63,14.77,19.3,18.11,1347,0
71,22.11,19.54,20.66,20.06,20.17,19.73,19.81,16.5,19.11,18.73,533,0
72,21.36,19.99,20.97,20.18,20.63,20.16,19.03,15.7,21.39,19.81,521,0
73,21.17,18.88,20.99,19.98,21.42,19.81,19.74,16.13,20.66,18.89,255,1
74,20.66,18.38,20.38,19.2,20.11,18.81,18.42,15.17,19.11,18.13,1516,0
75,20.74,18.66,20.15,19.82,20.59,19.77,18.84,14.61,19.56,18.08,624,0
76,20.48,18.62,20.11,19.54,20.36,19.5,19.07,15.45,19.62,18.29,531,0
77,20.93,18.67,19.39,19.66,20.0,19.29,18.4,14.47,19.11,17.38,575,0
78,20.79,18.7,19.84,19.38,20.63,19.56,18.9,15.43,20.26,18.0,631,0
79,20.53,18.04,19.74,19.35,20.13,19.03,18.64,14.52,19.04,17.85,990,0
80,20.95,18.78,19.45,19.78,20.23,19.27,19.36,14.35,19.57,18.0,769,0
81,21.24,19.21,20.34,20.02,20.11,19.0,18.86,17.76,20.13,17.41,554,0
82,21.14,18.56,20.1,19.6,21.05,19.11,18.82,13.97,18.3,17.89,1535,0
83,21.12,18.89,20.83,19.7,20.78,18.91,19.03,15.41,20.13,18.55,666,0
84,20.68,18.39,19.78,19.47,20.45,19.07,18.36,15.0,19.63,17.57,659,0
85,20.98,18.73,19.88,19.56,20.46,19.15,18.45,14.76,19.02,18.44,1505,0
86,21.59,19.19,20.74,19.71,20.01,19.4,19.08,16.82,20.68,18.61,566,0
87,20.74,18.6,19.75,19.61,20.07,19.03,18.17,15.31,19.16,17.55,588,0
88,20.44,18.39,19.96,19.45,20.04,18.97,18.03,15.2,18.47,17.6,1474,0
89,20.67,19.17,19.57,19.96,19.72,19.27,19.11,15.62,19.23,18.57,965,0
90,21.36,18.37,19.67,19.18,20.28,19.51,18.61,14.59,19.6,18.7,723,1
91,20.56,18.6,20.98,18.39,19.63,18.26,17.99,16.33,16.65,17.67,714,0
92,20.53,17.93,18.87,18.95,20.39,19.11,17.42,14.14,17.2,17.68,528,0
93,20.39,18.07,19.87,19.07,20.44,19.12,17.82,14.99,18.89,17.0,1847,0
94,20.93,18.73,19.82,19.79,20.27,20.12,18.87,15.77,19.51,17.7,683,0
95,20.42,18.05,20.02,19.11,19.87,18.93,17.91,14.18,18.64,16.95,616,0
96,22.08,19.77,20.16,20.48,20.79,19.4,19.12,15.81,19.08,18.09,584,0
97,20.73,18.41,20.97,19.72,20.38,19.08,17.84,15.35,18.49,17.95,595,0
98,20.4,18.39,20.03,19.36,20.11,19.0,18.62,15.31,17.78,17.39,501,0
99,20.78,18.82,19.43,19.45,20.02,19.11,17.98,15.23,18.82,18.15,1596,0
100,20.67,18.59,19.83,19.67,20.28,19.39,18.6,14.58,19.18,18.12,3276,0
101,21.1,18.92,20.16,19.98,20.94,19.21,19.13,15.44,18.89,18.78,1291,0
102,21.34,18.89,19.56,19.6,20.85,19.36,18.76,13.69,18.79,17.92,523,0
103,20.74,18.49,20.47,19.93,20.83,19.67,18.56,15.31,19.72,18.73,552,0
104,21.28,18.76,20.04,19.58,21.33,19.48,18.8,14.78,18.89,18.63,3204,0
105,21.89,19.84,19.72,20.36,20.88,19.8,19.13,14.74,20.19,17.93,322,0
106,20.27,18.24,19.62,19.21,20.03,19.13,18.32,14.63,19.28,17.47,1102,0
107,20.42,18.13,19.64,19.19,20.24,18.9,18.04,15.17,19.38,17.71,1206,0
108,20.38,18.06,20.42,19.44,20.36,19.72,18.7,17.42,19.68,18.45,1032,1
109,20.49,19.03,20.51,19.42,20.78,19.76,19.46,16.11,20.35,18.37,2770,0
110,19.55,18.49,21.03,20.1,21.09,20.78,19.73,17.26,20.48,19.77,912,1
111,19.97,17.75,20.82,19.58,22.18,21.19,18.95,15.33,20.31,20.6,996,0
112,19.02,17.29,20.39,20.35,20.63,20.26,17.97,14.89,20.45,19.18,1712,0
113,20.29,18.77,20.05,19.79,20.2,19.54,19.64,17.26,20.32,18.27,1439,1
114,20.68,19.21,19.67,19.94,19.89,19.96,18.24,16.59,20.01,18.3,1093,1
115,20.8,18.93,20.6,20.23,20.58,19.96,18.96,16.06,21.16,18.99,1532,0
116,20.34,18.09,21.75,20.74,20.26,20.27,18.61,16.48,21.51,19.5,1546,0
117,20.52,18.38,19.79,19.59,20.27,19.49,18.64,14.58,19.72,18.29,222,0
118,20.66,19.02,19.13,19.73,19.34,19.43,19.03,15.31,19.46,18.03,742,0
119,19.95,18.09,19.6,18.93,19.58,19.29,17.96,15.36,19.29,17.48,648,0
120,20.11,18.13,19.97,18.85,20.03,19.09,17.71,15.39,19.07,18.3,706,0
121,21.06,19.11,20.44,21.01,20.69,20.29,19.45,15.18,21.52,18.38,820,0
122,20.09,18.1,19.49,19.21,19.93,19.11,18.3,14.97,19.29,18.02,643,0
123,21.14,18.87,20.73,19.68,20.7,19.92,18.17,14.7,20.83,18.24,666,0
124,20.56,18.2,19.46,18.98,20.13,19.14,17.65,14.08,17.9,17.42,1165,0
125,20.47,18.25,20.94,18.5,20.09,18.71,19.95,18.69,20.83,17.94,1074,0
126,19.88,18.0,20.07,19.77,20.43,19.37,18.57,15.55,19.39,18.12,1074,0
127,21.0,18.53,20.27,19.8,20.61,19.49,18.77,14.64,18.7,17.94,1043,0
128,20.99,18.48,19.72,19.29,20.19,19.38,18.9,15.18,18.69,18.0,1079,0
129,20.12,18.09,20.07,19.7,20.23,19.62,18.28,14.56,19.6,17.9,1079,0
130,20.43,18.74,19.97,19.69,19.87,20.14,17.64,15.73,17.84,18.44,931,0
131,20.58,18.42,20.53,19.04,20.55,18.89,17.71,16.12,19.22,16.99,1139,0
132,20.51,18.11,20.07,19.82,20.08,19.15,17.95,13.89,18.93,17.35,1139,0
133,20.53,19.34,20.51,19.47,20.27,19.85,18.74,16.99,19.37,18.27,1085,0
134,20.73,18.63,20.0,19.52,20.22,19.48,18.58,15.46,19.34,17.5,1007,0
135,20.94,18.65,19.26,19.4,18.96,18.02,18.17,15.48,17.02,16.09,1007,0
136,20.9,18.7,19.94,20.1,20.43,19.39,18.7,13.82,20.09,17.25,1007,0
137,20.16,17.86,19.03,18.26,19.57,18.81,17.45,14.42,16.79,16.1,906,0
138,19.36,17.34,18.94,19.01,18.86,18.13,15.28,15.36,16.66,16.84,906,0
139,20.56,17.95,19.63,19.38,19.84,18.77,17.86,14.51,18.57,17.39,906,0
140,21.11,19.51,20.73,19.73,19.76,19.56,18.69,16.46,20.53,18.96,965,0
141,21.19,19.67,19.79,19.47,19.06,18.07,18.13,16.43,18.66,17.75,965,0
142,20.7,18.44,19.69,18.95,19.59,19.1,18.82,17.55,19.47,17.49,614,1
143,22.03,19.64,19.51,19.54,19.12,18.0,19.62,16.55,19.01,17.03,614,1
144,20.44,18.18,19.89,19.75,20.03,19.0,18.19,14.3,18.87,17.31,614,1
145,20.67,18.27,20.13,19.54,20.89,19.45,17.58,14.34,19.52,18.11,765,0
146,19.9,17.78,19.88,19.39,19.77,18.87,17.77,14.5,18.34,17.4,765,0
147,20.01,17.72,18.8,19.25,19.11,18.49,16.7,14.24,17.19,17.14,718,0
148,20.46,18.0,20.14,19.48,19.84,18.59,17.76,14.05,17.63,16.77,718,0
149,19.66,18.08,19.78,19.51,19.96,20.0,18.49,15.04,20.05,17.91,899,0
150,20.88,19.09,19.96,19.6,20.62,19.14,18.74,14.76,18.16,17.57,954,0
151,20.86,19.02,19.17,19.52,19.38,18.03,17.97,15.17,17.02,16.3,954,0
152,20.41,19.04,21.7,19.56,19.15,18.88,17.25,14.98,20.68,17.04,738,0
153,21.46,19.29,19.47,19.9,20.2,19.18,19.48,14.89,19.03,18.21,722,0
154,20.82,18.59,18.94,19.48,20.35,18.97,18.05,15.26,18.54,17.43,724,0
155,20.38,18.71,20.57,20.08,19.12,18.57,17.69,15.44,19.12,17.46,661,0
156,20.85,18.79,19.41,19.36,20.66,19.01,18.88,14.41,18.72,17.6,627,0
157,20.86,18.83,18.5,18.96,19.2,17.72,18.59,14.92,17.5,16.36,627,0
158,20.54,18.99,19.83,19.63,20.52,19.12,18.37,15.65,19.43,18.24,679,0
159,20.4,18.85,20.1,20.26,21.09,20.01,18.73,15.16,20.34,18.42,345,0
160,20.48,17.84,18.93,19.01,19.77,18.89,18.05,14.37,17.47,17.8,322,0
161,20.31,18.43,20.1,19.2,20.1,19.18,18.25,15.21,19.66,18.46,313,0
162,20.21,18.01,19.71,19.16,19.98,19.12,17.94,14.73,19.44,17.83,343,0
163,19.81,17.96,20.38,19.25,20.35,19.9,17.76,15.78,19.33,18.23,408,0
164,19.41,17.35,19.94,19.25,20.55,20.08,18.46,15.17,20.44,18.61,447,0
165,19.55,17.56,19.61,19.32,19.99,19.59,18.03,14.96,19.55,18.21,364,0
166,20.2,18.16,20.4,19.39,20.19,19.49,18.98,15.95,19.58,18.04,454,0
167,19.69,18.04,20.5,19.13,20.57,19.3,18.51,15.58,19.24,17.42,418,0
168,20.49,18.53,19.83,19.27,19.86,19.35,17.87,14.62,18.87,17.89,446,0
169,20.64,18.66,20.47,19.87,20.1,20.05,19.0,15.76,20.84,18.05,441,0
170,20.52,19.51,20.96,19.49,19.53,19.88,19.17,14.75,20.92,19.46,644,0
171,20.51,18.34,20.37,19.44,19.97,19.2,18.7,16.13,20.39,18.05,545,0
172,19.06,17.66,20.51,20.44,22.06,21.79,19.2,14.19,21.33,19.6,448,0
173,21.06,18.59,20.46,20.17,20.43,20.27,18.74,16.04,19.49,18.81,368,0
174,20.75,18.72,20.03,19.8,20.37,19.62,19.09,15.39,19.72,18.06,326,0
175,20.04,18.17,20.04,19.34,20.01,19.51,18.51,15.32,19.39,17.88,336,0
176,20.99,19.4,19.82,20.34,20.18,19.5,18.9,16.91,20.08,18.58,313,0
177,20.16,18.39,21.39,19.92,20.6,19.93,19.01,16.57,21.18,19.16,285,0
178,20.14,18.54,20.14,19.33,19.79,18.92,18.48,14.91,19.08,18.73,317,0
179,20.84,19.42,20.61,20.5,20.71,20.26,18.99,17.14,21.55,19.68,266,0
180,20.28,18.35,20.5,19.07,20.23,19.22,18.41,14.8,18.79,17.55,396,0
181,20.61,18.41,19.56,19.97,20.5,19.68,18.08,14.17,19.48,18.15,396,0
182,21.41,18.36,20.78,18.7,20.81,19.74,18.78,15.96,19.55,17.89,31,0
183,21.55,19.5,20.41,19.93,21.16,19.88,19.34,15.38,20.05,18.99,547,0
184,21.03,18.09,20.29,18.73,20.7,19.14,18.45,15.04,19.23,17.97,1614,0
185,20.83,19.08,20.17,19.52,20.75,20.32,18.44,14.53,19.11,18.57,883,1
186,21.49,18.83,20.18,19.45,20.93,19.53,18.83,15.6,19.85,18.26,943,1
187,20.58,18.36,20.25,18.98,20.71,19.47,19.0,15.93,19.28,18.32,791,0
188,20.14,18.48,20.59,18.6,20.26,18.93,18.04,15.32,19.54,18.95,31,0
189,21.33,19.56,19.79,20.09,20.84,19.71,19.18,14.14,19.79,18.75,518,0
190,21.25,18.97,19.79,19.76,21.24,19.24,18.69,14.29,19.18,18.49,1642,0
191,19.97,18.44,20.13,19.54,20.42,19.33,17.68,14.47,19.15,18.17,274,0
192,21.21,19.56,20.43,19.55,20.33,19.1,18.29,14.98,18.76,17.89,1308,0
193,21.51,19.27,20.46,20.18,20.74,20.04,18.62,17.16,18.46,19.34,1034,0
194,21.07,19.12,20.13,20.19,20.53,19.67,18.99,14.37,19.82,18.22,608,0
195,20.82,18.37,19.87,18.82,20.11,18.46,18.81,15.05,18.77,18.3,577,0
196,21.2,19.28,19.69,19.79,20.59,19.77,18.87,14.61,19.02,17.35,577,0
197,20.77,18.69,18.68,19.7,20.33,18.98,18.0,13.04,18.98,17.96,426,0
198,20.93,18.82,19.69,20.03,20.66,19.12,18.57,14.59,19.78,17.58,365,0
199,20.81,18.71,20.55,18.9,20.4,19.49,18.72,15.28,19.74,18.82,975,0
200,21.3,19.05,20.12,19.75,20.19,19.72,18.57,16.09,20.18,18.86,304,0
201,21.04,18.53,19.88,19.44,21.02,19.5,18.29,14.39,18.79,18.29,334,0
202,21.26,19.37,20.09,20.2,20.71,19.79,20.21,16.49,18.99,19.13,273,0
203,20.62,18.34,20.15,19.46,20.16,19.83,18.45,15.13,19.14,18.08,243,0
204,20.97,19.26,19.99,19.45,20.34,19.54,18.7,14.75,19.56,18.38,760,0
205,20.69,18.49,19.95,19.38,21.04,19.4,18.49,14.83,19.73,17.99,304,0
206,20.08,17.73,20.46,19.41,21.08,19.36,18.38,14.7,20.4,18.91,1371,0
207,20.11,18.24,20.27,19.96,20.37,18.94,17.7,14.42,19.71,17.69,-31,0
208,20.93,18.72,19.86,20.09,20.49,19.63,19.27,14.61,19.35,18.23,458,0
209,20.74,18.58,20.43,19.62,20.32,19.22,17.81,15.2,19.63,17.9,1124,0
210,20.67,18.43,19.92,19.57,20.02,19.19,18.16,15.24,18.68,17.75,396,0
211,20.56,18.18,19.99,19.39,20.14,19.75,18.94,15.43,19.97,18.13,30,0
212,20.61,19.49,20.14,19.57,20.18,19.38,19.0,16.79,20.21,18.62,1156,0
213,20.71,18.37,20.55,19.04,20.0,19.35,19.12,15.09,19.51,18.23,881,0
214,20.57,18.16,19.73,19.64,20.05,19.13,18.14,15.4,19.27,17.64,1004,0
215,20.49,18.34,20.29,19.3,20.58,19.05,18.75,15.49,20.14,18.15,607,0
216,20.76,18.52,18.88,19.45,20.13,19.17,18.72,14.25,19.19,17.16,365,0
217,20.96,19.02,20.05,19.52,21.4,19.93,18.55,14.11,20.01,18.76,1127,1
218,20.91,18.5,20.48,19.86,19.96,20.0,18.86,15.54,18.74,18.4,304,1
219,20.62,18.29,19.92,19.12,20.41,18.81,18.28,14.89,18.68,17.72,943,0
220,20.92,19.15,19.85,20.27,21.16,19.55,18.87,14.91,20.14,18.02,943,0
221,20.97,19.12,19.81,20.1,19.91,19.66,19.01,15.96,19.5,17.9,30,0
222,20.49,18.07,19.39,19.23,20.49,19.59,18.37,14.47,18.5,17.78,1004,0
223,20.74,18.14,20.17,19.33,19.89,19.25,18.76,15.38,19.04,17.74,3409,1
224,21.66,18.94,20.66,19.82,20.36,19.65,18.85,14.47,20.63,18.4,1308,0
225,21.05,19.06,19.68,19.94,20.31,19.08,19.22,14.93,19.77,17.63,1217,0
226,20.27,17.93,20.28,18.76,19.51,18.63,17.71,15.35,18.36,17.35,1004,0
227,20.48,18.54,19.93,19.0,20.64,19.21,18.67,15.1,19.33,18.07,942,0
228,20.32,18.15,20.45,19.12,20.06,19.43,18.43,15.11,18.51,17.99,546,0
229,21.03,18.87,20.61,19.57,20.42,19.1,19.1,15.32,19.66,18.02,1277,0
230,20.99,18.51,19.36,19.72,20.18,19.59,18.96,14.56,19.43,17.85,365,0
231,20.88,18.65,19.24,19.27,20.59,18.83,18.11,14.52,18.62,17.66,304,0
232,21.04,18.84,19.73,19.8,20.79,19.4,18.56,15.45,19.14,17.81,304,0
233,20.08,18.07,20.22,18.71,20.01,19.45,18.45,15.35,19.13,17.18,365,0
234,20.99,18.39,19.83,19.64,19.87,19.82,18.48,15.86,19.74,18.06,1522,0
235,20.61,18.33,19.96,19.22,20.58,19.34,18.59,14.52,19.41,18.36,1492,0
236,21.14,19.02,19.59,19.94,20.96,19.8,19.0,14.42,18.94,18.29,1371,0
237,20.31,18.11,20.34,19.12,20.1,19.25,18.29,15.13,19.27,18.36,912,0
238,20.16,18.18,20.33,19.54,20.8,19.12,18.52,15.39,19.69,18.08,1006,0
239,20.24,18.03,20.2,19.21,20.81,19.47,18.13,15.21,19.02,18.44,31,0
240,20.86,18.62,20.56,19.63,19.94,19.46,18.3,14.02,19.36,17.62,761,0
241,21.03,18.79,19.78,19.66,20.3,19.29,18.9,14.27,19.76,17.89,273,0
242,20.69,18.74,18.99,19.67,20.79,19.62,18.31,15.38,19.07,17.73,579,0
243,20.39,17.92,19.7,18.94,19.5,18.67,18.2,14.83,17.71,17.24,457,0
244,21.45,18.7,19.43,20.35,20.81,19.93,19.05,13.34,18.87,19.27,30,0
245,20.89,19.23,20.5,19.79,20.21,19.82,18.04,14.05,19.81,18.67,426,1
246,20.86,18.84,18.87,19.72,20.32,19.09,18.73,15.23,19.31,17.62,365,0
247,20.07,18.28,20.8,19.19,20.09,19.27,18.04,14.5,18.43,17.51,579,0
248,20.19,18.01,19.93,19.09,19.99,19.11,17.49,14.35,18.28,17.63,396,0
249,20.98,19.23,19.86,19.62,21.01,19.32,19.4,14.47,19.78,17.81,640,0
250,21.52,19.42,20.04,20.16,20.72,19.77,19.34,13.84,20.5,18.08,30,0
251,20.23,18.48,18.81,19.34,19.73,19.23,18.58,14.24,18.6,17.7,822,0
252,20.53,18.28,20.07,19.18,20.01,19.11,18.84,15.89,17.7,17.36,518,0
253,21.04,18.58,19.61,19.62,20.55,18.9,17.96,14.72,18.71,17.98,1157,0
254,21.15,18.68,20.2,19.64,20.72,19.21,19.27,15.1,19.35,18.09,585,0
255,20.99,18.75,19.74,20.07,20.18,19.61,18.83,15.02,18.7,17.92,698,0
256,20.48,18.49,19.91,19.94,20.11,19.78,18.52,14.84,20.26,17.71,2248,0
257,21.48,19.92,19.86,20.1,20.78,19.75,18.95,14.36,19.37,18.41,174,1
258,20.55,18.54,19.98,19.63,20.15,18.98,18.56,14.83,17.82,16.95,174,1
259,20.59,18.54,19.76,19.57,20.12,19.08,18.77,14.76,19.67,17.75,677,0
260,21.38,19.42,20.15,19.61,20.42,18.51,19.65,15.92,18.88,18.43,2222,0
261,20.63,19.13,19.98,19.39,20.65,19.12,18.24,15.73,19.07,17.87,3022,0
262,20.95,18.45,20.13,19.8,20.17,19.42,18.28,15.01,19.56,17.84,1234,0
263,20.27,18.35,19.93,19.63,20.02,19.31,18.43,14.86,19.08,17.39,1234,0
264,20.57,18.71,20.04,19.79,20.32,19.85,18.43,15.12,19.96,18.04,2636,1
265,20.51,18.28,19.95,19.51,20.21,19.32,18.2,15.12,18.88,17.87,2759,0
266,20.49,18.56,19.79,19.52,20.08,19.35,18.43,15.74,19.07,17.63,2759,0
267,20.2,18.09,19.78,18.99,19.97,19.2,18.18,15.87,18.66,17.71,1853,0
268,20.37,18.38,19.65,19.07,19.61,18.85,18.1,14.63,18.42,17.27,2650,0
269,19.95,17.44,20.5,18.74,20.92,19.77,18.38,14.76,19.05,18.27,792,1
270,19.31,17.86,20.47,19.8,20.45,20.31,18.47,15.37,19.93,18.2,792,1
271,20.53,18.5,19.89,19.4,19.82,19.01,18.18,14.62,19.05,17.82,2255,0
272,20.47,17.89,19.04,18.85,18.66,18.62,16.47,15.48,16.21,16.53,1005,0
273,20.52,18.5,20.27,19.65,20.29,19.79,18.93,15.41,20.32,17.78,588,0
274,19.55,17.88,21.28,21.03,21.62,22.27,18.96,17.58,22.63,18.88,446,1
275,20.43,18.47,20.25,19.9,20.51,20.12,18.61,14.99,20.39,18.33,987,0
276,19.95,18.69,20.53,20.04,20.31,20.21,18.32,16.03,20.03,18.17,197,1
277,20.38,18.17,19.72,19.64,20.22,19.36,18.08,14.7,19.9,17.85,496,0
278,20.21,18.22,19.5,19.39,19.66,18.01,16.53,15.28,17.34,16.83,451,0
279,20.09,18.41,20.2,20.05,21.06,20.32,18.42,15.55,20.64,18.75,675,0
280,20.28,18.64,19.58,19.28,18.87,18.62,16.78,15.19,16.88,16.52,734,0
281,19.26,17.72,20.64,19.91,21.15,20.96,19.14,15.48,20.67,19.34,762,0
282,19.52,17.49,20.62,19.64,20.61,20.39,18.34,15.66,19.98,18.81,456,0
283,20.55,18.66,20.09,19.88,20.18,20.09,18.58,15.36,20.53,18.0,504,0
284,20.0,18.41,20.32,19.92,20.38,20.09,18.59,15.0,20.26,18.41,602,0
285,19.9,18.28,20.21,19.52,19.39,19.57,18.19,14.97,19.89,18.09,471,0
286,20.11,18.74,19.95,19.98,20.11,19.63,18.58,15.24,19.76,18.58,707,0
287,19.81,18.05,20.54,19.28,21.05,20.1,18.84,15.31,20.1,18.52,754,0
288,19.88,17.7,20.18,18.82,19.76,18.79,17.48,15.29,18.73,18.03,890,0
289,20.57,18.3,20.2,20.72,20.74,20.07,18.56,15.8,20.4,17.66,511,0
290,20.5,18.49,20.05,19.87,21.21,20.29,19.21,14.99,20.51,18.8,588,0
291,20.2,18.25,20.61,19.68,20.42,19.67,18.64,16.07,19.95,18.02,455,0
292,19.55,17.6,20.24,19.61,21.56,20.74,19.46,15.25,20.14,18.66,348,1
293,20.46,19.16,20.94,20.0,20.73,20.04,20.3,18.54,20.5,19.1,417,0
294,20.8,19.24,19.85,19.86,20.95,19.81,19.19,16.84,20.02,18.39,530,0
295,20.35,18.27,19.75,19.69,20.29,19.44,18.67,14.56,20.04,17.79,568,0
296,20.64,18.76,20.08,20.14,20.68,20.19,18.84,16.03,20.53,18.51,413,0
297,20.5,18.11,19.97,19.8,20.47,19.45,18.46,14.93,19.91,18.08,373,0
298,20.51,18.49,19.52,19.76,20.44,19.29,18.5,15.35,19.27,17.92,373,0
299,20.16,17.89,20.28,19.01,20.11,19.28,18.66,15.73,19.5,18.24,51,0
300,20.39,17.84,20.57,19.25,19.55,19.46,17.96,15.31,19.19,18.44,250,0
301,20.74,18.79,20.42,20.32,20.68,20.49,19.58,16.44,20.46,18.77,1,0
302,20.04,18.05,20.17,19.33,20.1,19.36,18.57,15.23,19.41,18.13,614,0
303,20.32,18.84,20.53,19.76,19.77,19.37,18.43,16.14,20.35,18.13,34,0
304,19.75,17.95,20.09,19.61,20.43,19.41,17.66,15.1,19.4,18.04,40,0
305,20.08,18.06,20.38,19.56,20.27,19.08,17.72,15.21,19.51,17.99,70,0
306,20.74,19.11,20.03,19.83,20.57,19.41,18.28,14.71,19.46,17.13,10,0
307,19.57,17.86,20.22,19.0,20.79,19.66,19.36,14.92,18.95,17.88,10,0
308,21.35,18.71,19.84,19.85,20.6,19.5,19.13,14.22,19.26,17.58,7,0
309,20.49,18.46,20.31,19.53,20.8,19.87,18.14,14.91,18.9,18.64,10,0
310,20.92,19.06,19.4,19.97,20.73,20.02,18.84,13.37,19.41,18.48,19,0
311,20.9,19.1,19.51,19.98,20.79,20.02,18.44,14.81,18.93,18.58,90,0
312,21.06,19.14,20.06,19.95,20.45,19.85,18.42,16.42,18.27,19.44,54,0
313,20.03,18.6,20.61,19.3,20.86,18.9,20.19,18.86,18.37,17.87,52,0
314,21.1,18.58,19.57,19.52,20.35,19.34,18.55,14.41,18.77,18.56,303,0
315,21.61,18.66,20.77,20.01,21.09,19.87,18.54,15.61,19.84,18.86,224,0
316,20.89,19.55,20.69,20.81,21.01,19.59,19.51,15.32,20.74,19.14,227,0
317,20.92,19.31,19.65,19.83,20.27,20.0,18.19,15.0,19.65,18.31,5,0
318,20.83,17.98,20.14,20.01,20.52,20.24,18.49,18.07,20.01,19.47,10,0
319,20.75,19.11,20.01,19.83,19.94,19.76,18.68,15.51,19.95,18.57,10,0
320,21.3,19.24,19.47,20.3,19.85,20.33,19.16,15.56,19.54,18.69,10,0
321,20.88,18.68,20.05,19.94,20.83,20.01,18.92,15.34,19.59,18.16,196,0
322,20.79,18.42,19.9,19.66,20.77,19.47,18.93,14.68,19.46,17.94,172,0
323,21.02,19.09,19.48,19.59,19.87,19.49,18.94,17.23,18.64,17.57,242,0
324,20.41,18.26,19.79,19.04,19.94,19.72,19.4,15.28,19.17,18.19,213,0
325,20.64,18.79,20.87,20.05,19.96,20.46,19.15,17.22,19.77,19.35,231,0
326,21.34,19.28,19.62,20.23,20.66,19.75,19.02,14.31,19.53,18.05,218,0
327,20.77,17.74,20.03,19.34,20.06,19.41,18.65,15.15,18.34,17.62,210,0
328,20.37,19.09,19.34,19.43,21.56,20.54,19.24,14.79,19.97,18.8,214,0
329,21.03,19.22,19.79,19.86,20.87,19.97,19.08,14.25,19.61,18.77,10,0
330,20.73,18.13,20.05,19.38,20.63,20.19,19.52,14.61,18.81,17.93,11,0
331,20.43,18.78,20.1,20.29,19.8,19.91,19.08,15.28,18.37,18.13,10,0
332,20.36,18.78,19.71,19.62,20.05,19.31,18.71,14.67,18.76,18.05,10,0
333,21.0,18.29,19.53,19.48,20.62,19.96,18.71,13.64,19.91,18.23,10,0
334,20.82,18.68,20.39,19.49,20.22,19.08,18.87,16.96,20.7,17.86,16,0
335,20.45,18.04,20.17,19.14,19.99,18.95,18.36,15.71,19.63,17.82,163,0
336,21.31,19.42,19.61,20.6,20.43,19.56,18.82,14.45,19.19,17.34,10,0
337,20.73,18.6,20.02,19.65,19.92,19.6,18.39,15.69,19.16,18.07,375,0
338,20.47,18.39,19.75,19.29,20.74,19.23,18.68,14.84,19.12,17.96,9,0
339,20.29,18.22,19.93,19.55,20.72,19.51,18.04,14.49,19.37,18.89,10,0
340,20.63,18.41,19.56,19.62,20.46,19.46,18.12,14.45,19.43,17.62,10,0
341,20.12,17.99,20.05,19.34,20.55,19.3,18.05,14.88,18.35,18.24,10,0
342,21.18,19.25,19.77,20.09,20.51,19.4,18.22,16.36,19.87,17.58,10,0
343,20.91,18.64,19.81,19.35,20.53,18.82,18.04,14.99,18.89,17.97,162,0
344,21.02,19.26,20.16,20.07,21.02,19.36,19.39,14.58,19.62,17.95,170,0
345,20.79,18.7,19.69,19.69,20.93,19.17,18.72,13.65,19.08,18.53,2442,0
346,20.96,18.61,19.4,19.85,20.98,18.84,18.37,15.98,19.13,18.35,1866,0
347,21.09,18.87,20.45,20.18,22.22,20.08,19.49,15.49,19.62,18.71,2031,0
348,20.97,19.51,19.43,19.57,20.38,19.01,18.12,15.86,18.34,19.04,2483,1
349,20.62,18.27,20.09,19.22,21.02,19.53,19.02,15.53,19.03,18.54,2911,1
350,20.56,18.49,20.62,19.66,21.22,19.82,18.38,15.34,19.37,18.87,2091,0
351,19.9,18.48,20.51,19.58,21.55,19.42,18.37,15.34,19.54,18.27,2124,0
352,20.94,18.99,19.85,20.07,20.61,19.36,18.5,14.17,20.89,17.91,1793,1
353,21.13,18.54,20.0,19.34,20.61,19.54,18.23,15.15,19.15,18.2,1351,0
354,21.73,19.39,21.27,20.08,20.71,20.4,19.08,15.68,21.56,19.77,997,0
355,20.43,17.95,19.8,19.11,20.91,19.06,17.71,15.71,18.72,18.6,651,0
356,20.67,19.76,20.39,20.08,19.79,20.03,18.69,15.94,19.92,17.96,1587,0
357,20.68,18.52,19.68,19.73,20.24,19.3,18.58,14.64,19.22,17.03,792,1
358,20.67,18.22,20.23,19.31,20.73,20.18,18.22,15.59,19.67,18.74,1140,0
359,20.24,18.16,19.58,19.35,20.84,19.95,18.06,14.66,18.36,18.67,618,0
360,20.6,18.62,19.91,19.73,20.39,19.65,18.63,14.99,19.51,18.06,680,0
361,20.5,18.62,20.2,19.78,21.77,20.01,19.16,14.83,19.93,17.52,1613,0
362,21.51,18.82,19.75,19.95,20.63,19.28,18.94,14.69,18.96,18.12,655,0
363,19.95,17.88,20.42,18.92,20.77,21.31,18.66,17.5,20.07,19.3,1542,0
364,21.45,19.68,19.08,20.33,21.39,19.82,19.34,14.38,20.37,18.28,1547,0
365,21.6,19.6,21.87,19.63,21.58,19.66,19.41,14.32,20.02,17.99,2190,0
366,20.82,19.21,19.13,19.94,20.86,19.5,18.35,13.75,19.89,18.07,2335,0
367,21.19,18.84,19.71,19.73,20.31,19.2,18.81,14.34,19.52,17.72,1980,0
368,20.73,18.46,19.49,19.29,20.13,18.99,18.18,15.08,18.72,17.82,798,0
369,21.04,18.19,19.89,18.18,20.22,18.83,17.7,15.69,17.53,18.07,1528,0
370,20.88,18.74,19.46,19.45,20.53,19.3,18.37,14.77,19.16,17.63,1887,0
371,20.31,18.73,20.52,19.3,21.03,19.75,19.92,17.87,19.02,18.04,1683,0
372,20.84,19.23,19.85,19.81,20.93,19.73,18.63,14.12,19.44,18.67,2184,0
373,21.89,20.45,20.68,19.58,20.97,19.03,19.52,17.59,20.4,18.57,3506,0
374,19.64,17.81,20.04,18.56,21.2,19.33,18.58,15.55,18.92,18.18,3456,0
375,19.87,17.98,19.96,19.61,21.33,20.12,18.62,15.21,19.34,18.61,3307,0
376,21.12,19.44,20.84,19.93,20.53,19.5,19.4,14.94,21.25,19.02,3248,0
377,20.33,19.21,19.96,20.14,20.51,20.28,19.44,17.3,20.34,18.66,3286,0
378,20.42,18.59,19.68,19.19,20.4,19.23,19.02,15.02,19.42,17.74,3112,0
379,20.29,17.95,20.65,19.02,20.39,19.04,18.59,15.33,19.19,18.13,2989,0
380,20.63,18.31,19.54,19.55,20.58,19.24,18.18,14.31,18.49,17.83,2372,0
381,21.35,19.4,19.71,19.57,20.5,19.45,19.04,14.33,19.48,18.02,2515,0
382,20.56,18.36,19.85,19.2,20.73,19.04,17.71,14.89,19.28,17.75,2142,0
383,21.11,18.62,20.88,19.94,20.67,19.89,18.97,18.94,18.98,18.23,1842,0
384,20.97,18.92,20.46,19.79,20.76,19.75,18.79,15.3,19.46,19.82,1639,0
385,20.58,18.14,20.25,18.86,20.8,19.32,17.98,14.86,19.02,18.56,1234,0
386,20.4,18.35,19.8,19.02,19.86,18.48,17.97,16.65,17.25,17.18,622,0
387,20.96,18.42,19.86,19.02,20.89,19.04,18.59,15.34,16.78,17.76,2953,0
388,20.55,18.72,20.48,19.54,20.97,19.59,18.92,15.16,20.33,18.31,1882,0
389,20.16,18.27,20.86,19.68,21.32,20.85,19.52,18.42,20.37,19.15,2513,0
390,20.98,18.62,19.68,18.95,20.64,18.5,18.34,15.06,17.2,17.04,350,0
391,20.42,18.44,20.89,19.97,20.77,20.44,18.54,15.41,19.95,18.78,541,0
392,21.05,18.5,20.2,19.53,20.39,19.6,18.27,14.21,19.34,18.33,754,0
393,20.93,19.27,20.28,20.1,19.9,20.04,19.27,16.85,19.26,17.99,819,0
394,20.94,18.74,21.12,19.94,20.63,19.28,18.44,17.22,20.2,18.76,3957,0
395,21.56,18.82,19.77,19.56,21.44,19.32,18.59,14.1,19.28,17.97,172,1
396,20.45,18.41,19.3,19.5,20.59,19.05,17.95,14.22,18.18,17.78,475,0
397,20.72,18.52,20.42,19.3,20.06,19.09,18.53,15.09,18.89,17.6,989,0
398,19.98,18.44,20.73,18.93,21.02,19.7,19.32,17.49,19.43,17.99,78,0
399,19.92,18.28,20.62,18.85,22.03,20.61,19.27,15.24,19.92,18.0,1001,0
400,20.63,18.54,19.38,19.7,20.22,19.29,18.61,14.46,19.99,17.91,584,1
401,20.74,19.33,19.86,19.03,20.09,18.9,19.91,17.78,18.44,17.65,4275,0
402,20.78,18.59,19.63,19.42,20.79,19.36,18.53,14.26,19.4,17.83,2991,0
403,20.62,17.99,20.52,18.75,20.31,18.95,18.3,15.45,18.55,18.38,160,1
404,21.06,18.98,19.5,19.74,20.31,19.29,18.58,16.51,19.45,17.75,2558,0
405,20.97,18.93,19.7,20.11,20.47,19.82,19.24,14.66,20.01,18.1,3316,0
406,21.07,18.65,20.83,19.57,20.73,20.23,19.0,16.78,18.41,18.29,709,0
407,20.52,18.45,19.46,19.07,20.35,19.36,17.83,14.56,18.81,18.42,2288,0
408,21.39,18.58,19.25,19.83,21.24,19.41,18.86,14.23,19.9,18.91,3009,0
409,21.53,19.2,19.66,19.56,19.66,18.88,18.42,15.01,19.28,17.99,1972,0
410,21.36,19.01,19.7,19.04,21.51,19.78,18.84,14.88,19.72,17.78,1699,1
411,20.01,18.21,19.77,19.18,19.96,19.44,17.93,15.24,18.14,18.03,3262,1
412,21.51,19.22,21.33,19.89,20.28,19.18,18.58,14.97,21.25,18.9,1988,0
413,21.56,19.12,19.66,19.13,20.5,19.33,18.95,14.4,18.52,17.95,2551,1
414,21.33,18.68,20.63,19.18,20.82,19.56,19.1,14.96,20.25,17.65,4080,0
415,21.14,19.37,20.0,20.34,20.76,20.11,18.66,15.69,19.4,17.9,3261,0
416,20.97,18.95,20.6,20.16,20.86,19.91,19.19,17.14,19.04,18.34,3807,0
417,21.45,19.52,20.61,20.08,20.0,19.07,18.41,17.59,18.95,18.03,3296,0
418,21.13,19.13,20.18,20.21,20.26,19.35,19.18,16.57,20.5,18.69,3072,0
419,20.31,18.15,19.45,19.52,20.3,18.98,18.18,14.79,19.22,17.55,3159,0
420,20.64,18.7,19.62,19.36,19.91,19.15,18.42,14.96,18.58,17.8,2971,0
421,20.37,18.03,20.07,19.49,20.33,19.86,18.61,15.34,19.95,18.26,2991,0
422,20.52,18.61,20.08,19.62,20.92,19.82,18.78,16.59,19.67,18.11,2920,0
423,21.08,19.02,19.82,20.18,20.82,20.01,18.97,15.01,20.55,18.4,2618,0
424,20.62,19.16,20.49,19.99,19.83,19.48,18.49,14.58,20.49,17.58,2856,0
425,20.84,19.35,20.52,20.48,20.47,19.48,18.88,17.47,20.51,18.45,3021,0
426,21.76,19.76,20.66,20.47,20.44,19.37,19.42,17.14,20.08,19.13,524,1
427,20.52,18.81,20.46,20.05,20.97,20.36,19.11,14.85,20.02,18.48,1150,0
428,20.94,18.99,20.38,19.94,20.54,19.54,18.47,14.67,20.35,18.41,1272,1
429,20.57,18.32,19.65,19.59,20.17,19.33,18.22,14.71,19.42,17.82,2868,0
430,20.89,18.33,19.75,19.32,20.88,19.22,19.05,14.79,19.45,17.65,1864,0
431,21.17,19.14,19.08,20.0,20.35,19.38,18.7,15.45,19.47,17.76,2632,0
432,20.9,19.0,19.88,19.63,20.1,18.99,18.17,14.57,19.8,18.1,2629,0
433,21.15,18.67,20.34,19.31,19.65,19.71,19.55,17.3,19.73,17.99,1026,0
434,20.76,18.18,19.98,19.27,21.03,19.7,18.55,14.49,18.49,18.54,4894,0
435,20.55,18.49,21.54,19.06,19.85,18.81,18.36,15.89,19.01,17.23,1548,0
436,21.11,18.93,19.96,19.8,20.51,19.12,18.66,14.62,18.87,18.23,2866,1
437,21.07,18.77,19.77,19.66,21.32,19.04,18.93,14.46,18.66,17.56,3660,0
438,21.07,19.06,19.62,19.15,20.33,18.85,18.58,14.59,18.93,17.93,3035,0
439,21.04,18.73,19.81,19.65,20.33,19.18,18.5,14.51,18.9,17.58,3607,0
440,20.98,18.7,19.99,19.58,20.05,19.1,18.58,14.75,19.05,17.66,84,0
441,20.93,19.61,20.44,20.21,20.2,20.49,19.52,16.85,18.53,18.35,3172,0
442,20.88,18.41,19.91,19.41,20.62,19.44,18.7,14.94,19.3,17.99,3430,0
443,21.15,19.28,19.8,20.09,20.13,18.88,18.77,16.22,19.2,17.7,2976,0
444,21.09,19.04,19.97,19.66,20.43,19.23,18.69,14.64,18.59,17.47,3202,0
445,21.39,19.44,19.88,19.95,20.3,19.57,19.14,14.39,20.24,18.86,3128,0
446,20.84,18.7,19.49,19.65,20.37,19.24,18.05,14.96,18.75,17.54,3203,0
447,20.58,18.6,19.57,18.99,20.25,18.88,18.22,15.5,17.69,17.53,991,0
448,21.26,18.98,19.95,19.57,20.41,19.2,19.04,15.44,19.07,18.05,3004,0
449,20.81,18.26,19.66,19.34,20.67,19.13,17.6,15.15,18.24,18.13,3001,0
450,21.3,18.97,19.47,19.76,20.8,19.37,18.75,14.06,19.07,18.17,2707,0
451,21.37,19.09,20.8,19.92,19.84,18.49,18.26,16.81,19.04,18.55,3030,0
452,21.55,19.19,19.62,19.81,20.62,19.29,18.91,14.64,18.9,17.85,2838,0
453,21.1,19.1,19.94,19.8,20.47,18.98,18.6,15.03,19.45,18.03,2605,0
454,20.84,18.83,19.27,19.61,20.38,18.59,18.03,14.15,18.45,17.63,2161,0
455,21.4,19.3,20.25,20.29,20.51,19.66,19.09,15.71,18.87,18.63,2854,1
456,20.81,18.31,20.05,19.43,20.25,19.15,18.23,14.92,19.06,17.79,5062,0
457,20.58,18.74,20.13,19.64,20.23,19.52,18.46,14.66,20.63,19.02,616,1
458,19.8,18.16,20.27,20.07,20.76,20.64,18.84,15.29,20.83,18.54,2632,0
459,20.63,18.42,19.63,19.11,20.12,19.13,18.72,15.08,18.81,17.44,1649,1
460,20.75,18.69,20.03,19.32,20.03,19.46,19.08,15.05,19.41,17.34,2012,0
461,20.7,18.45,19.37,19.4,19.8,19.01,18.5,14.83,18.92,17.5,1935,0
462,20.29,18.1,19.56,19.22,19.45,18.79,18.06,14.87,18.93,17.21,1161,0
463,20.47,18.24,20.36,19.41,19.89,19.23,18.36,15.51,19.64,17.74,1198,0
464,20.68,18.69,19.66,19.52,20.03,19.08,18.38,15.0,19.41,17.52,1233,0
465,20.74,18.25,19.94,19.23,19.59,18.76,18.54,16.95,18.54,17.8,1742,0
466,19.96,18.1,20.17,19.35,20.54,19.49,18.19,15.4,19.66,18.93,2231,0
467,20.48,18.63,19.95,19.53,20.33,19.55,18.34,15.0,19.46,18.16,1013,0
468,20.04,18.27,20.65,20.06,20.46,19.42,18.74,15.53,19.48,18.47,1185,0
469,20.6,19.13,21.08,21.26,21.37,20.44,19.12,13.86,21.46,19.57,322,1
470,19.97,19.03,20.23,18.42,20.96,19.72,18.66,17.72,19.91,19.06,2361,1
471,20.85,19.57,21.0,19.31,20.49,19.84,20.04,16.97,20.86,19.16,4361,0
472,20.29,18.81,20.73,18.96,21.34,20.36,19.27,16.37,20.45,18.6,8556,0
473,20.65,18.59,20.15,19.26,20.11,19.02,18.53,16.2,18.91,18.83,991,1
474,20.66,18.35,20.07,19.04,20.13,19.17,18.25,15.57,19.49,18.04,749,1
475,21.13,18.17,19.91,19.12,20.57,18.99,19.48,13.75,19.64,18.91,362,1
476,21.35,19.65,20.84,19.33,21.8,20.79,19.58,15.55,20.32,18.45,8391,0
477,20.15,18.31,21.06,19.36,20.49,19.53,18.88,15.9,20.44,18.29,3941,1
478,20.42,17.73,18.91,19.03,19.88,18.88,17.65,14.62,17.59,17.79,1542,1
479,19.92,18.23,20.29,18.74,21.0,20.17,18.98,16.13,18.84,18.29,1993,1
480,20.67,18.86,20.22,19.91,21.15,19.2,18.39,14.8,20.25,18.95,4456,1
481,20.3,18.69,19.93,19.55,19.85,19.07,18.58,15.63,18.94,18.1,3418,1
482,21.28,19.76,20.08,19.97,20.05,20.42,19.66,14.31,20.65,19.06,7106,0
483,21.46,19.8,20.95,20.28,21.2,20.15,19.42,14.78,20.67,19.45,571,1
484,20.15,18.36,21.11,19.56,20.1,19.3,18.3,14.82,19.46,17.86,3873,1
485,20.84,18.73,19.58,19.75,21.3,20.55,19.36,15.59,19.54,18.66,2573,1
486,20.66,18.55,21.22,19.35,20.97,19.58,18.98,14.67,19.94,17.25,5042,0
487,20.42,18.21,20.25,19.32,20.22,19.65,18.54,15.45,19.04,17.97,3926,1
488,20.22,18.81,20.21,19.6,20.24,19.82,18.92,17.59,18.53,19.32,4285,0
489,21.08,19.25,20.47,19.86,20.11,19.96,19.69,16.84,19.87,19.01,7777,0
490,20.53,18.46,20.31,19.5,21.15,19.74,19.07,14.8,19.77,18.25,2082,0
491,20.35,19.17,20.45,19.28,21.29,19.95,19.19,15.71,19.9,19.09,6456,1
492,20.55,18.47,20.24,19.88,20.29,19.22,18.14,14.62,19.94,17.75,7126,0
493,20.56,17.56,20.59,19.09,20.45,19.51,17.87,15.37,18.4,18.02,2469,1
494,20.25,17.83,20.04,18.98,19.7,19.13,17.42,14.91,18.25,18.13,2373,1
495,20.68,18.58,20.07,19.55,20.27,19.83,18.62,15.29,19.1,17.89,8008,0
496,21.22,18.75,19.99,19.49,21.54,19.8,18.5,14.95,20.29,18.19,4929,0
497,20.63,18.54,19.77,19.44,19.84,19.69,18.45,15.2,19.14,17.25,3126,1
498,20.12,18.32,20.11,19.33,20.11,19.18,18.29,14.9,18.46,18.18,4267,1
499,20.66,19.3,20.49,19.81,20.92,19.88,18.56,15.73,19.93,18.85,3063,1
500,21.11,19.26,19.65,19.77,20.29,19.93,18.81,15.33,20.03,19.33,2721,0
501,21.09,18.76,20.25,19.47,20.12,19.33,18.98,16.3,18.36,18.53,8605,0
502,20.43,18.64,20.68,19.45,20.11,19.43,18.27,15.63,19.43,18.01,5156,0
503,20.76,18.8,20.0,19.77,20.46,21.78,18.07,14.6,19.76,18.21,2965,1
504,21.04,18.36,19.64,19.58,20.3,18.89,18.83,15.09,19.02,17.83,5739,0
505,20.8,18.1,20.38,19.59,20.84,19.17,18.36,15.54,18.96,17.97,2417,1
506,21.23,18.84,20.06,19.68,20.51,18.83,18.89,14.58,19.46,18.57,558,1
507,20.81,19.01,20.21,19.74,20.07,19.83,19.93,17.04,19.71,17.84,639,1
508,20.64,18.68,19.66,19.68,20.74,19.38,18.51,15.16,19.55,18.29,3461,1
509,20.72,18.78,20.36,20.05,21.15,19.74,18.08,15.36,19.35,18.73,6292,0
510,20.15,18.11,20.11,19.17,20.42,19.28,18.76,15.39,19.61,18.27,3945,1
511,21.39,18.83,20.39,19.21,20.96,18.99,17.82,17.09,20.03,18.28,7455,1
512,20.25,18.74,20.22,18.76,20.45,19.09,17.9,15.73,18.5,18.34,860,1
513,20.51,18.47,20.72,19.03,20.55,18.99,16.8,15.2,19.2,18.09,2097,1
514,20.39,17.92,20.08,19.36,20.17,19.39,18.4,15.41,18.81,17.87,1781,1
515,20.59,18.38,20.23,19.11,20.83,19.5,17.89,15.37,17.4,17.12,1326,0
516,21.22,19.36,20.58,19.96,20.38,19.77,20.59,16.3,18.56,19.1,3088,0
517,20.44,18.47,20.06,19.27,20.7,19.24,18.01,15.25,18.72,18.08,2236,0
518,21.43,19.13,20.57,19.7,20.89,19.36,18.45,15.4,19.68,18.83,4233,0
519,20.23,18.0,20.01,19.12,20.08,19.09,17.87,15.16,18.4,17.93,5176,0
520,20.87,18.9,18.96,19.9,20.08,19.85,18.74,16.94,19.8,18.57,1152,1
521,20.41,19.04,19.61,19.9,20.16,20.4,18.54,16.31,19.94,18.58,215,0
522,19.88,18.03,20.38,19.38,20.37,19.88,18.59,15.89,20.39,17.76,2596,0
523,20.59,18.79,20.85,19.81,20.24,19.67,19.6,16.59,20.93,18.43,2134,0
524,19.81,17.93,19.89,19.4,19.81,19.72,17.87,15.07,19.84,18.42,2072,0
525,20.51,19.01,20.86,20.06,20.8,20.05,19.32,16.84,21.1,18.74,573,1
526,19.98,18.41,20.04,19.84,20.67,20.1,18.77,15.31,20.0,18.65,3152,0
527,20.05,18.27,20.2,19.67,20.34,19.77,18.69,15.12,20.38,18.34,2164,0
528,20.46,18.38,20.31,19.54,20.34,19.41,18.24,15.37,19.6,17.55,1914,0
529,19.76,17.79,19.68,18.81,19.43,18.78,17.74,15.95,17.59,17.12,1914,0
530,22.45,19.86,19.47,20.26,20.22,19.87,19.49,14.49,19.13,18.86,1820,0
531,21.29,19.31,20.25,19.83,21.42,19.94,19.18,14.46,19.44,18.54,622,0
532,20.72,18.99,20.04,20.15,20.68,19.82,18.74,14.88,20.42,18.73,777,0
533,20.29,18.21,19.63,19.3,19.87,18.86,18.22,14.99,18.44,17.55,777,0
534,20.74,18.74,19.57,20.05,20.69,19.39,18.86,14.18,19.22,17.98,1919,0
535,20.03,17.95,19.37,18.78,19.38,18.61,17.81,15.59,17.68,16.81,1919,0
536,20.64,18.76,20.27,20.21,20.31,19.66,18.58,14.85,20.01,18.39,2477,0
537,20.91,18.78,20.42,19.37,20.36,19.09,18.57,15.18,19.69,17.84,1148,0
538,20.84,19.81,20.47,20.07,20.85,20.02,19.29,15.29,20.72,18.75,1203,0
539,20.23,18.12,19.62,19.2,19.77,18.71,18.09,14.93,18.25,17.3,1203,0
540,20.59,18.45,19.45,20.02,21.3,19.9,18.77,15.02,19.67,18.9,1191,0
541,20.52,18.28,19.89,19.67,20.42,19.43,18.42,14.57,18.77,17.3,2136,0
542,20.56,18.27,20.26,19.84,19.9,19.12,17.77,14.35,18.39,17.75,2136,0
543,21.17,19.18,19.98,20.2,20.73,20.23,18.83,15.1,20.48,18.42,2483,0
544,21.45,19.26,19.88,20.6,20.33,19.45,18.86,15.12,19.81,18.98,2559,0
545,20.15,18.18,19.44,18.87,19.54,18.71,17.95,15.93,17.8,17.27,2559,0
546,20.52,18.35,19.62,19.4,20.41,18.47,17.55,14.35,18.02,16.9,1569,0
547,20.58,18.25,20.13,19.6,19.75,18.85,17.88,14.14,18.48,17.32,1569,0
548,20.23,18.89,19.97,19.99,20.51,20.21,19.77,17.19,20.44,18.23,1572,0
549,20.54,18.28,19.74,18.7,20.8,19.07,18.31,14.79,18.23,18.15,1132,0
550,20.33,18.21,19.72,19.03,19.33,18.88,18.21,14.69,18.54,17.0,1132,0
551,20.85,18.84,20.13,19.97,20.69,19.76,18.77,14.77,19.42,18.26,974,0
552,20.01,18.29,19.93,19.59,20.16,19.19,18.31,15.06,18.92,17.66,974,0
553,20.9,18.86,19.95,19.65,20.33,19.54,19.29,14.99,19.75,17.78,554,0
554,20.82,19.01,19.55,20.08,20.47,19.47,18.76,14.8,19.58,17.88,1324,1
555,21.14,19.47,20.0,20.01,20.63,19.37,19.81,16.13,20.03,17.8,1871,0
556,20.86,18.69,20.2,19.64,20.57,19.15,18.86,14.54,19.46,17.95,660,0
557,19.93,18.0,19.71,19.22,19.9,18.75,18.12,15.59,18.21,17.38,660,0
558,21.41,19.62,20.29,20.31,20.1,19.63,19.13,17.36,19.9,17.95,2278,0
559,20.7,18.81,20.1,18.93,20.94,19.38,18.56,16.05,18.97,18.01,1876,0
560,19.92,18.33,20.09,19.43,19.82,19.11,18.31,15.01,18.32,17.52,1876,0
561,20.72,18.93,19.62,19.58,19.98,19.23,18.46,14.49,19.08,18.21,2197,0
562,20.79,18.47,20.23,19.38,20.21,19.28,18.09,14.77,19.76,18.01,2296,1
563,20.54,18.69,19.9,19.87,20.69,19.62,18.55,14.91,19.96,18.14,2255,0
564,20.2,18.37,19.52,19.35,19.87,18.59,17.91,15.36,18.0,17.11,2255,0
565,20.92,18.92,20.13,20.25,20.45,19.27,18.41,14.72,20.19,18.81,2330,0
566,20.08,18.23,19.75,19.12,19.69,19.19,18.19,16.54,17.82,17.46,2612,0
567,20.3,18.11,19.69,19.29,21.17,20.13,18.39,14.58,18.81,17.56,2365,0
568,20.28,18.34,20.01,19.26,20.02,19.14,18.26,15.13,18.03,17.56,2365,0
569,20.29,18.72,19.88,19.49,20.82,19.44,18.55,14.64,19.44,17.68,1519,0
570,20.0,18.08,19.55,19.05,19.64,18.61,18.14,16.26,17.97,17.53,1519,0
571,21.79,19.71,19.76,19.72,20.43,18.64,19.51,13.5,20.08,18.28,2371,0
572,20.92,19.05,19.35,19.8,20.11,19.13,18.61,15.15,19.71,17.71,2371,0
573,20.76,18.93,19.87,19.99,20.93,20.0,19.02,15.25,20.37,18.49,2255,0
574,20.25,18.04,19.7,19.49,19.84,18.89,17.83,14.6,18.5,17.4,2255,0
575,21.23,19.07,20.32,19.68,20.91,19.56,18.7,15.73,19.89,18.95,1270,0
576,20.06,18.02,19.71,19.01,19.47,18.65,18.04,15.76,17.72,17.14,1270,0
577,21.18,19.07,19.96,19.77,19.68,19.16,18.98,15.42,19.34,17.95,1411,1
578,20.81,18.46,19.89,19.43,20.11,19.2,18.57,14.12,19.14,17.32,2709,0
579,19.85,17.81,19.94,19.25,19.61,18.73,17.84,15.71,17.73,16.9,2709,0
580,20.82,18.03,19.62,18.82,19.93,19.01,18.94,15.13,19.15,18.08,2767,0
581,20.5,18.15,20.17,18.93,20.19,18.5,18.14,15.29,18.64,17.73,2486,0
582,20.45,18.02,19.9,19.64,19.73,18.92,17.98,13.87,19.18,17.19,2486,0
583,20.62,18.61,19.77,19.48,20.24,19.38,18.42,14.31,19.33,18.0,2372,0
584,20.54,18.62,19.73,19.61,20.61,19.5,18.7,14.6,19.37,17.75,2041,0
585,20.19,18.04,19.6,19.01,19.74,18.73,18.04,15.72,17.64,17.06,2041,0
586,20.72,18.39,20.08,19.38,20.66,19.49,17.75,15.05,19.24,18.1,1156,0
587,19.42,17.96,20.5,19.83,20.25,19.78,18.53,14.7,19.24,18.06,1156,0
588,20.66,18.51,19.71,19.89,20.24,19.2,18.45,14.78,19.51,17.81,912,0
589,20.61,18.74,20.27,19.95,20.95,19.64,18.33,14.22,19.66,18.19,423,0
590,20.53,18.36,19.55,19.02,20.11,18.9,18.27,14.69,18.26,17.95,423,0
591,20.77,18.95,21.02,20.74,20.29,19.15,19.15,14.39,20.24,18.82,2381,0
592,20.37,18.34,19.57,19.34,19.74,18.87,18.24,14.94,18.97,17.48,2381,0
593,20.3,18.22,20.23,19.16,20.02,18.96,18.11,15.19,18.58,17.55,1644,0
594,20.18,18.07,19.79,19.1,19.67,18.75,17.89,16.02,17.69,17.2,1644,0
595,20.44,18.49,20.3,19.36,20.07,19.37,18.41,15.28,19.38,17.45,476,0
596,19.91,17.96,19.91,19.21,19.93,18.95,17.92,14.68,18.15,17.19,476,0
597,20.87,18.68,19.83,20.03,20.93,19.88,18.58,14.3,20.0,18.27,98,0
598,20.37,18.04,19.66,19.02,19.91,18.7,18.01,15.15,18.11,17.46,98,0
599,20.67,18.87,20.49,19.51,20.65,19.96,18.78,15.37,20.79,18.25,78,0
600,20.63,18.43,20.28,19.36,20.32,19.22,18.52,15.16,19.53,17.56,2403,0
601,20.22,18.25,19.64,19.01,19.68,18.92,17.88,15.11,17.92,17.42,2403,0
602,20.66,18.52,19.67,19.71,20.16,19.61,18.69,14.46,19.64,17.57,2064,0
603,20.38,18.72,19.53,19.03,19.59,18.85,18.1,15.14,17.84,17.35,2064,0
604,21.02,19.12,19.32,20.17,20.46,20.45,18.69,15.07,19.69,18.31,2156,0
605,21.07,19.6,19.64,20.19,21.32,19.92,18.99,13.62,19.34,18.16,495,0
606,19.74,18.21,20.26,19.52,20.38,19.72,18.36,15.53,19.36,18.23,495,0
607,21.01,18.5,21.18,19.72,20.6,19.64,20.04,17.99,20.0,18.88,134,0
608,19.68,17.86,20.51,19.6,20.68,19.65,18.25,15.48,19.17,17.98,134,0
609,20.47,18.56,20.01,19.56,20.65,19.16,18.83,14.87,19.56,18.38,477,0
610,19.88,18.18,20.02,19.16,19.99,19.13,18.1,16.73,17.87,17.68,477,0
611,21.09,18.98,20.04,19.67,20.88,20.4,19.17,14.79,19.91,18.6,435,0
612,20.87,19.14,21.53,19.56,21.58,21.14,19.87,18.46,21.83,18.73,293,0
613,20.85,18.16,19.91,19.36,20.1,19.01,17.94,14.48,18.51,17.94,1363,0
614,20.61,18.38,19.95,19.37,19.85,18.94,18.32,15.71,18.54,17.71,2489,0
615,20.28,18.17,20.11,19.24,19.89,19.01,18.38,15.26,19.25,17.67,991,1
616,21.02,18.68,19.3,19.8,21.01,19.85,18.85,14.17,18.92,17.81,745,0
617,20.37,19.0,20.93,19.46,21.22,19.99,19.7,14.86,20.67,19.37,943,0
618,20.71,18.26,19.84,19.46,20.12,19.16,17.83,15.04,19.01,17.56,1926,0
619,20.85,19.06,20.3,19.7,20.8,19.28,18.57,15.53,19.7,18.02,923,0
620,20.48,18.94,19.92,19.61,21.53,19.9,19.31,14.46,19.51,17.76,328,0
621,20.58,18.06,20.07,18.89,20.44,19.13,18.28,15.01,18.26,18.47,461,0
622,20.87,18.5,19.75,19.44,20.04,19.13,18.52,15.2,18.84,17.41,1928,0
623,21.1,19.03,19.38,20.17,20.72,19.64,18.85,14.71,20.07,18.25,1620,0
624,20.0,17.94,19.48,18.85,19.56,18.56,17.8,15.69,18.02,17.2,1620,0
625,20.72,18.66,19.32,19.42,20.35,19.34,18.14,14.44,19.1,18.15,747,0
626,20.45,18.88,19.9,20.05,21.48,19.23,18.69,14.61,19.79,18.02,702,0
627,19.7,17.91,20.14,19.39,20.74,19.15,18.13,15.75,18.81,17.82,702,0
628,21.43,18.99,20.62,19.78,20.61,19.75,19.32,15.61,20.44,18.19,1247,0
629,20.13,18.11,20.72,19.96,20.23,20.07,18.4,14.39,20.01,18.06,1247,0
630,20.74,18.5,20.06,19.93,21.66,19.47,18.74,14.47,19.47,18.32,1611,0
631,19.89,18.12,19.4,18.91,19.45,18.6,17.94,16.58,16.83,17.02,1611,0
632,20.41,18.64,20.4,19.84,21.4,19.83,18.46,15.45,19.31,18.66,806,0
633,20.7,18.81,20.26,20.05,20.79,19.7,18.62,14.67,19.67,17.96,727,0
634,20.82,18.6,19.91,19.47,20.62,19.6,18.57,14.74,19.44,18.17,620,0
635,20.53,18.68,20.27,19.45,20.15,19.05,18.44,15.12,18.93,17.71,178,0
636,20.18,18.47,19.93,19.53,20.13,19.21,18.51,14.96,19.18,17.82,178,0
637,19.96,17.65,19.75,18.79,20.04,19.0,17.51,15.79,17.84,17.79,72,0
638,19.39,17.64,20.37,18.6,20.65,20.13,18.17,15.63,18.45,18.59,516,0
639,20.75,18.49,20.1,19.53,20.54,19.23,18.61,15.46,19.33,17.7,76,0
640,20.64,18.66,20.1,19.76,20.39,19.47,18.57,15.49,19.48,18.16,414,0
641,20.51,18.32,20.23,19.22,19.99,19.43,18.44,15.22,19.44,17.5,1121,0
642,20.55,18.32,21.21,19.25,21.19,19.91,19.14,16.5,19.74,19.07,392,0
643,20.29,17.61,20.43,18.61,20.5,18.51,17.48,15.62,18.16,18.07,1561,0
644,20.75,18.54,20.17,19.29,20.51,19.45,18.58,15.38,19.21,17.97,829,0
645,20.8,19.09,20.18,19.93,19.96,20.36,18.52,14.67,19.48,18.82,1545,0
646,21.07,19.11,20.45,19.9,21.29,19.82,19.56,16.82,20.54,18.87,170,0
647,20.61,17.9,19.74,19.05,20.16,19.16,18.19,14.68,18.54,17.6,728,0
648,20.56,18.39,19.8,19.68,20.24,19.09,17.94,15.26,18.51,17.67,759,0
649,20.77,18.58,19.53,19.86,20.3,19.36,18.18,15.13,19.52,17.77,1288,0
650,20.41,18.42,20.75,20.09,20.89,19.63,18.52,14.43,19.67,18.06,1363,0
651,21.44,19.34,20.39,19.95,20.55,19.2,19.36,16.58,20.51,18.6,701,0
652,21.06,18.87,19.54,19.94,20.43,19.23,18.97,14.89,19.48,18.93,1001,0
653,20.42,18.7,19.89,20.16,21.72,20.04,19.66,16.32,19.89,18.42,149,0
654,20.65,18.92,19.33,19.81,20.98,19.95,18.82,15.12,19.06,19.09,652,0
655,20.83,18.74,19.67,19.73,20.26,19.15,18.27,14.73,19.14,17.77,1093,0
656,20.53,18.74,20.62,20.0,20.71,19.72,18.17,15.25,20.41,18.6,612,1
657,20.01,18.1,19.58,19.14,19.64,18.8,17.92,15.23,18.47,17.5,612,1
658,21.16,18.82,20.12,19.35,21.5,19.75,18.97,15.37,19.63,18.04,2763,1
659,19.99,17.78,19.65,18.79,19.37,18.57,17.61,15.2,17.79,16.8,2763,1
660,20.74,18.25,19.91,18.95,20.24,19.01,18.64,15.0,18.99,17.91,811,1
661,20.07,18.01,19.55,19.2,19.66,18.97,17.9,14.81,18.63,17.48,811,1
662,20.79,18.43,19.71,19.85,20.21,19.22,17.94,14.74,18.94,17.68,2207,1
663,20.23,18.09,19.6,19.23,19.59,18.98,17.96,14.49,18.49,17.29,2207,1
664,20.28,17.81,19.48,19.05,20.22,19.21,17.81,14.23,18.57,17.66,1148,1
665,20.06,18.02,19.48,19.15,19.59,18.81,17.78,14.56,18.41,17.3,1148,1
666,21.09,18.83,19.71,19.64,20.42,19.22,18.92,15.21,18.91,17.79,921,1
667,20.11,17.88,20.09,19.21,19.66,18.71,17.63,14.59,17.61,17.17,921,1
668,20.44,18.58,18.75,19.12,20.06,19.12,19.38,16.63,18.17,17.67,1692,1
669,20.03,18.06,19.49,18.98,19.39,18.51,17.79,15.16,17.64,16.99,1692,1
670,20.77,18.28,19.7,19.39,20.96,19.48,18.22,14.81,18.39,18.23,1142,1
671,20.01,17.79,19.69,18.89,19.35,18.57,17.56,15.28,17.35,16.74,1142,1
672,20.53,18.4,19.81,18.85,20.44,18.99,18.52,15.22,18.11,18.24,2009,1
673,20.37,18.55,19.53,19.37,20.1,19.14,18.29,14.68,19.04,17.87,2009,1
674,21.5,19.36,21.01,20.06,21.38,19.88,18.74,16.68,20.6,18.02,224,1
675,20.96,18.85,19.92,19.52,20.63,19.49,18.41,14.79,18.61,18.29,1563,1
676,20.09,18.29,19.42,19.23,19.69,18.84,18.35,15.14,18.16,17.39,1563,1
677,21.41,19.93,20.48,20.23,19.99,19.72,18.67,15.25,19.78,19.03,1556,1
678,21.26,19.32,21.43,20.2,20.28,19.38,19.05,15.52,21.51,18.66,1556,1
679,18.96,17.34,20.58,19.67,20.53,19.97,18.53,16.73,19.21,18.36,1556,1
680,21.45,19.56,20.73,20.07,20.91,19.32,18.55,15.17,19.21,17.96,2127,1
681,20.4,18.28,19.94,19.55,19.76,19.12,18.22,14.39,19.02,17.36,2127,1
682,21.24,19.15,19.87,19.99,19.9,19.12,18.99,15.22,18.98,17.5,2798,1
683,20.72,18.82,20.01,20.37,20.67,19.74,19.19,14.05,20.1,18.06,2798,1
684,20.65,18.43,19.99,19.79,20.79,19.32,18.41,14.82,18.63,17.62,3462,1
685,20.31,18.06,19.92,19.24,20.79,19.42,18.69,14.91,20.28,18.15,3462,1
686,21.18,18.5,19.54,19.2,20.58,18.95,18.24,14.65,18.34,17.79,2520,1
687,20.35,18.13,19.47,19.04,19.41,18.65,18.04,14.84,18.06,17.08,2520,1
688,21.01,18.44,19.6,19.62,20.32,18.73,18.38,14.48,18.56,17.65,1286,1
689,20.5,18.58,19.55,19.24,19.66,18.71,18.05,14.52,17.72,17.11,1286,1
690,21.0,18.65,19.24,19.64,20.26,19.86,18.5,14.24,19.24,18.39,365,1
691,20.64,18.58,19.65,19.33,19.88,18.65,18.36,14.69,17.83,17.09,365,1
692,20.9,18.87,19.53,19.17,19.63,20.15,18.69,15.47,19.36,18.37,1694,1
693,20.53,18.13,19.07,18.94,19.45,18.51,18.12,15.32,17.41,17.63,1694,1
694,21.03,18.77,20.6,19.56,20.53,19.26,18.98,14.49,20.41,17.39,1508,1
695,21.43,19.46,20.79,20.28,20.92,20.0,18.64,15.01,20.82,18.67,538,1
696,21.58,19.18,19.7,20.07,20.58,19.28,19.22,15.8,19.69,18.24,785,1
697,20.33,18.22,19.81,19.39,19.92,19.02,18.2,14.56,18.4,17.51,785,1
698,21.39,19.54,19.77,20.15,20.95,19.1,19.24,14.64,17.86,17.99,959,1
699,20.18,17.92,19.7,19.03,19.33,18.79,17.78,14.52,18.08,17.06,959,1
700,21.39,18.73,19.74,19.41,20.71,18.57,18.21,15.56,17.08,17.51,2712,1
701,21.44,18.67,20.85,19.56,20.29,19.66,18.82,16.78,19.92,18.83,2965,1
702,20.81,18.64,19.63,19.73,20.05,18.49,18.32,14.55,17.8,17.14,2965,1
703,22.06,19.71,20.02,20.22,21.55,18.29,18.91,14.34,18.05,17.53,763,1
704,20.45,18.46,19.89,19.56,20.11,19.09,18.56,15.38,18.74,17.53,763,1
705,21.05,18.81,19.58,19.68,20.18,18.94,18.23,14.84,19.18,17.56,3669,1
706,20.24,18.19,19.71,19.08,19.64,18.81,17.95,15.26,18.08,17.27,3669,1
707,20.75,18.94,20.33,19.64,20.1,19.21,19.3,16.5,19.03,19.34,3472,1
708,20.53,18.37,19.89,19.65,19.99,19.28,18.5,14.98,19.06,17.78,3472,1
709,20.77,19.15,20.22,19.85,20.89,19.5,17.56,14.8,18.41,17.99,1009,1
710,20.44,18.18,20.11,19.48,20.01,18.86,18.02,14.45,17.97,17.17,1009,1
711,21.28,19.09,20.02,19.88,20.4,18.89,18.3,15.23,18.52,18.66,2273,1
712,20.61,19.17,19.95,19.9,20.05,19.46,18.42,14.29,19.68,17.7,2273,1
713,20.46,18.7,19.66,19.05,19.7,18.14,18.3,16.0,16.2,16.87,2273,1
714,20.97,18.26,19.99,19.57,20.86,19.51,18.14,15.23,18.54,18.36,3736,1
715,20.73,19.0,19.99,19.86,20.63,18.56,19.31,14.89,17.04,16.96,3736,1
716,20.83,18.94,19.59,19.44,19.87,18.85,18.19,14.66,18.84,17.63,1034,1
717,20.4,18.52,19.83,19.68,20.18,19.33,18.6,15.03,19.04,17.62,1034,1
718,20.48,18.77,19.83,19.45,20.59,19.01,18.54,14.18,18.36,17.6,1927,1
719,20.93,19.06,19.58,19.47,20.32,18.32,18.89,14.32,17.08,17.35,1927,1
720,20.51,18.11,19.66,19.3,20.2,19.11,18.3,15.81,18.05,17.79,1673,1
721,22.16,19.78,19.93,20.0,22.12,18.91,19.78,14.72,17.67,18.38,1388,1
722,20.15,18.26,19.68,19.15,19.45,18.76,17.96,14.59,17.8,17.07,1388,1
723,21.04,19.38,20.32,20.45,19.59,19.33,18.97,14.73,18.43,17.67,2192,1
724,20.62,18.72,20.1,19.81,20.42,19.16,18.86,15.5,18.46,17.42,2192,1
725,20.56,18.48,20.3,19.37,20.43,19.31,18.48,15.04,18.93,18.11,1642,1
726,20.51,18.49,19.55,19.47,20.0,19.04,18.4,14.65,19.09,17.32,1642,1
727,21.1,19.18,19.83,19.84,19.99,19.22,18.65,14.6,19.93,18.28,1688,1
728,20.05,18.02,19.59,18.88,19.39,18.6,17.85,15.1,18.31,17.23,1688,1
729,20.93,19.02,19.64,19.9,20.35,19.38,18.72,15.18,19.41,18.26,856,0
730,21.2,18.89,20.14,19.34,20.32,19.43,19.09,14.88,19.59,18.44,795,0
731,22.13,19.5,20.29,20.18,20.88,20.0,19.23,14.8,18.82,19.08,1174,1
732,20.37,18.33,19.83,19.24,19.65,18.5,18.0,15.11,17.41,17.08,1174,1
733,21.34,19.15,20.57,19.75,20.48,19.3,18.61,15.83,17.67,17.77,2534,1
734,20.36,18.16,19.91,19.56,19.84,19.16,18.01,14.18,18.55,17.33,2534,1
735,21.16,19.39,19.96,20.37,20.72,19.62,19.15,14.26,19.29,17.86,1759,1
736,19.87,18.09,19.58,18.94,19.66,18.61,17.95,16.35,17.14,17.34,1759,1
737,20.87,19.24,20.53,20.39,20.99,19.96,19.12,16.23,19.57,18.4,3959,1
738,20.54,18.45,19.72,19.58,20.06,18.85,18.29,15.3,18.48,17.32,3959,1
739,19.73,17.92,19.75,19.22,19.6,19.31,18.02,15.9,19.0,17.43,1120,0
740,20.59,18.51,19.62,19.11,19.93,18.81,18.31,14.97,18.68,17.57,1119,0
741,20.56,18.68,19.89,20.01,20.55,19.72,18.65,15.29,19.89,18.28,612,0
742,20.05,18.39,20.0,19.76,20.45,19.64,18.82,14.34,19.92,17.89,320,1
743,19.35,18.15,20.16,19.76,20.42,20.3,18.42,15.49,20.17,18.4,3364,0
744,19.99,17.92,19.78,19.46,20.18,19.68,17.77,15.03,19.47,18.02,635,0
745,20.73,18.55,20.9,19.5,19.95,19.67,19.85,18.57,20.98,18.5,567,0
746,20.14,18.25,19.84,20.24,21.35,21.6,18.64,15.15,20.49,18.71,715,0
747,19.81,17.82,20.02,19.21,20.64,19.37,18.34,15.49,20.12,18.4,293,0
748,20.96,19.26,19.79,20.73,20.53,20.13,19.35,14.86,20.79,18.15,160,0
749,19.6,18.0,20.2,18.52,21.06,19.56,17.44,15.09,19.01,18.26,295,1
750,20.5,18.46,19.47,19.84,19.85,19.3,18.07,15.47,19.67,18.36,574,0
751,20.26,18.21,19.69,19.64,20.22,19.34,18.48,14.47,20.03,17.81,662,0
752,20.24,18.26,20.16,19.17,20.27,19.11,18.05,15.12,19.34,17.12,287,0
753,20.9,18.93,19.3,19.37,20.67,19.27,19.01,14.73,19.79,19.18,363,0
754,20.69,18.46,19.92,19.22,19.55,19.04,18.22,15.05,18.54,18.26,358,0
755,20.46,18.61,19.76,19.76,20.96,19.63,18.56,15.03,19.49,18.5,358,0
756,20.99,19.19,19.89,19.63,20.56,19.47,18.07,14.81,19.65,17.59,385,0
757,20.8,18.89,20.45,19.72,20.51,18.95,18.5,15.88,19.67,18.12,358,0
758,21.29,19.04,20.19,19.97,20.84,19.73,19.09,15.27,20.73,18.59,385,1
759,20.74,18.41,20.6,20.56,20.91,20.17,19.09,15.32,20.34,19.42,385,0
760,20.89,19.13,19.79,20.32,20.45,19.72,18.83,15.7,20.24,18.19,385,0
761,20.62,18.6,19.62,19.45,20.43,19.45,18.26,14.3,19.76,17.88,385,0
762,20.17,17.98,20.34,19.55,21.11,19.94,18.15,15.08,19.84,18.67,385,0
763,20.12,18.71,20.27,19.71,21.48,19.91,19.4,15.05,19.7,18.59,1476,0
764,21.46,19.75,20.67,19.66,20.23,19.5,18.88,14.81,20.03,18.82,382,0
765,20.71,18.48,20.41,19.24,20.96,19.71,18.38,15.57,19.02,20.75,370,0
766,21.35,19.42,20.35,20.38,20.76,20.31,19.55,14.87,20.7,18.83,411,0
767,21.24,18.77,19.95,19.9,19.68,19.31,18.28,15.19,19.46,18.49,383,0
768,21.23,19.66,21.31,20.19,20.81,19.84,19.73,17.49,20.46,18.4,383,0
769,21.19,19.11,20.71,20.21,20.26,19.02,18.59,14.57,19.86,18.91,393,0
770,21.14,19.05,19.88,19.85,20.76,20.35,18.18,14.55,19.37,19.14,379,0
771,20.78,18.9,19.47,19.76,21.89,20.16,18.85,14.05,20.01,18.24,380,0
772,20.83,18.79,20.01,19.41,20.68,19.18,18.11,15.1,18.94,17.89,375,0
773,21.04,18.97,20.88,19.75,21.31,19.94,18.95,15.01,19.96,18.96,332,0
774,20.83,18.64,20.34,19.51,21.52,19.8,18.47,15.65,19.14,19.15,345,0
775,20.82,18.64,20.23,19.24,21.47,19.58,19.11,14.83,19.21,18.79,343,0
776,21.77,19.92,20.93,20.44,21.61,18.77,19.66,16.43,18.41,18.07,5,0
777,21.8,18.91,20.13,19.28,21.06,18.62,18.66,15.48,16.99,18.5,366,0
778,21.14,19.16,19.97,19.88,22.08,20.14,19.6,14.66,19.89,19.37,317,0
779,20.94,19.29,19.31,20.12,20.69,19.65,19.02,14.11,19.08,18.35,375,0
780,21.29,19.19,20.67,19.5,21.26,19.54,19.03,15.68,20.01,18.72,394,0
781,20.45,17.99,19.86,19.3,19.5,18.95,17.66,14.95,17.46,18.13,375,0
782,20.78,19.09,20.1,19.83,20.96,18.48,18.12,14.55,19.06,18.09,616,0
783,20.92,18.93,20.68,19.25,20.82,19.02,18.51,15.13,19.6,18.68,381,0
784,21.29,19.38,20.1,20.17,21.54,20.08,19.08,15.08,20.36,18.47,376,0
785,21.78,19.9,21.19,19.4,20.58,20.02,19.68,14.52,21.27,19.58,394,0
786,20.76,17.79,20.13,18.77,21.26,19.25,19.06,14.99,19.17,17.78,470,0
787,20.67,18.61,20.22,19.52,20.95,19.57,18.48,16.07,20.23,18.25,513,0
788,21.15,19.28,20.14,19.33,20.63,18.7,18.48,15.44,19.0,17.98,508,0
789,20.85,19.53,20.15,20.01,20.85,19.1,18.64,13.81,19.38,19.01,1,0
790,21.79,19.75,20.16,20.27,21.6,19.94,18.46,15.14,18.76,18.95,297,0
791,21.12,18.51,20.14,19.36,20.43,19.41,18.91,15.49,19.04,18.48,747,0
792,21.62,19.17,19.75,20.28,20.84,19.15,19.39,15.58,19.17,18.38,439,0
793,20.35,18.43,20.02,19.13,20.83,19.4,18.64,15.49,19.13,17.85,1034,1
794,20.55,18.36,19.49,19.46,20.58,19.32,18.65,14.84,19.75,18.29,394,0
795,20.76,18.97,20.28,20.17,21.3,19.56,18.23,15.88,20.8,20.43,396,0
796,20.88,18.67,19.19,19.95,21.03,19.95,18.76,15.0,19.88,18.42,380,0
797,20.38,18.49,20.12,19.84,20.28,19.75,18.85,14.92,20.24,18.6,408,0
798,19.96,17.28,20.75,19.31,19.05,19.51,18.51,16.87,19.06,19.55,1728,0
799,21.56,19.41,20.26,19.85,20.88,19.21,19.64,14.68,19.26,17.79,635,0
800,20.53,17.86,19.4,19.08,19.31,18.7,18.2,14.45,18.82,17.67,403,0
801,20.93,18.95,19.52,20.0,20.24,19.45,18.69,14.69,19.74,18.26,626,0
802,21.55,20.02,20.61,20.01,20.23,19.66,19.28,15.97,20.29,18.48,425,0
803,21.31,18.63,20.45,19.76,19.84,19.14,19.23,14.16,17.82,18.26,431,0
804,20.34,18.09,19.76,19.29,19.93,18.67,17.92,14.98,18.59,17.56,410,0
805,20.41,18.25,19.75,19.23,20.25,19.17,18.37,14.88,19.31,17.97,643,0
806,20.63,19.1,19.61,19.49,19.81,18.67,17.94,15.64,18.36,18.03,584,0
807,21.99,19.87,20.51,20.43,21.29,18.47,19.73,15.3,17.77,18.19,431,0
808,21.39,19.58,20.28,19.95,20.74,18.72,18.82,14.6,19.32,18.94,532,0
809,21.54,20.0,20.4,19.16,21.12,18.86,18.51,13.82,18.2,17.6,502,0
810,20.85,18.76,20.22,19.72,20.59,19.27,18.44,14.8,19.44,17.75,1688,0
811,20.97,19.06,19.89,19.49,20.28,19.12,18.27,15.02,19.7,17.93,480,0
812,20.83,18.97,19.78,19.63,20.42,18.92,18.57,14.42,18.93,18.49,552,0
813,21.24,18.94,19.47,19.88,21.04,19.06,18.8,14.03,17.94,17.73,575,0
814,21.33,18.94,20.73,19.73,20.68,19.37,19.15,14.27,19.62,17.38,366,0
815,21.43,19.15,20.99,19.66,21.41,18.76,18.02,13.87,20.37,18.32,1612,0
816,20.82,18.43,19.72,19.62,20.11,19.12,18.09,14.64,19.26,17.32,426,0
817,20.31,17.69,20.43,18.97,20.47,19.08,18.48,15.6,18.51,17.08,577,0
818,21.48,19.67,20.0,20.31,20.95,19.27,19.23,16.05,19.5,18.45,611,0
819,21.11,19.05,20.74,20.24,20.46,19.7,18.9,14.93,21.36,18.03,612,0
820,21.21,18.96,20.25,20.03,20.19,19.48,18.58,16.48,19.52,18.38,611,0
821,20.66,18.84,20.77,19.47,20.55,19.56,18.47,18.31,19.36,19.04,590,0
822,20.68,17.74,20.42,19.25,21.04,19.3,18.27,15.06,18.8,18.99,620,0
823,20.07,18.67,20.1,19.56,20.45,19.58,19.74,15.27,19.34,18.45,639,0
824,20.01,17.14,20.78,19.54,21.24,20.11,18.34,15.43,19.52,18.86,371,0
825,21.06,19.15,20.03,19.41,21.02,18.84,19.23,14.83,17.81,18.8,405,0
826,20.79,18.64,19.26,19.73,20.13,19.26,18.8,14.31,19.11,17.5,447,0
827,21.17,19.0,19.28,19.62,20.45,18.89,18.66,13.55,19.01,17.55,565,0
828,20.13,18.32,20.32,19.44,20.9,19.42,17.65,15.04,19.48,17.93,541,0
829,21.12,19.09,19.42,19.6,20.64,19.15,19.25,14.79,19.41,17.83,509,0
830,21.0,18.62,19.97,19.62,20.68,19.15,18.72,14.5,19.18,17.87,783,0
831,20.98,18.75,19.92,19.85,20.72,19.22,17.95,14.87,18.74,17.87,727,0
832,19.9,17.55,19.9,18.8,20.28,19.09,17.7,15.49,19.03,17.21,839,0
833,20.42,18.07,19.34,19.34,20.0,18.96,18.32,15.0,18.83,17.6,552,0
834,20.48,18.45,19.95,18.84,19.96,18.79,18.48,15.04,18.55,17.81,377,1
835,20.76,18.25,19.72,19.25,19.85,18.79,18.03,14.66,18.26,16.89,522,0
836,21.11,18.28,20.29,19.42,20.29,18.91,18.82,15.82,19.47,18.31,463,0
837,20.53,18.41,19.82,19.26,20.02,18.85,19.12,14.85,18.98,17.84,448,0
838,21.2,19.42,20.83,19.73,20.31,19.53,18.74,13.85,19.76,18.77,663,0
839,20.96,19.15,21.3,20.07,20.4,19.88,19.56,15.91,20.91,19.25,441,0
840,20.37,18.51,20.37,20.17,20.99,19.44,19.32,16.29,19.27,19.41,606,0
841,21.04,18.75,19.02,19.86,20.47,19.38,18.67,14.07,18.8,17.81,538,0
842,21.0,18.64,19.88,19.71,20.41,19.31,18.41,15.05,19.33,17.78,1682,0
843,21.38,19.37,19.96,19.92,20.89,19.48,18.85,15.63,19.16,17.97,499,0
844,20.51,18.87,19.63,18.95,20.64,19.31,18.91,15.13,19.14,17.69,482,0
845,20.95,18.56,19.79,19.41,20.34,19.29,19.01,14.89,18.7,17.84,496,0
846,21.42,19.32,19.73,20.3,20.96,19.11,19.11,13.57,19.7,19.01,506,0
847,21.32,19.14,19.63,20.14,21.19,19.26,18.43,14.39,19.16,18.49,395,0
848,20.44,18.69,19.96,18.86,20.62,19.06,18.72,15.1,17.94,18.17,461,0
849,20.99,19.35,19.35,19.76,20.3,19.28,19.16,16.53,19.04,18.26,1309,0
850,20.59,18.66,19.12,19.2,20.01,19.13,18.61,14.89,19.2,17.7,503,0
851,20.77,18.59,19.29,19.76,20.93,19.11,18.59,13.86,19.09,18.37,466,0
852,20.78,18.4,19.98,19.42,20.2,19.19,18.47,14.88,18.82,17.88,472,0
853,20.08,18.41,20.51,19.88,20.62,19.36,18.91,15.74,19.61,17.94,302,1
854,20.85,18.96,20.04,20.56,21.15,20.13,18.91,15.03,20.17,18.24,433,0
855,19.79,18.21,20.83,19.96,21.43,20.39,18.3,16.81,19.14,19.21,430,0
856,20.57,18.13,19.98,19.04,20.18,18.95,17.84,15.3,18.28,18.06,530,0
857,21.17,19.48,20.19,19.48,19.87,19.52,19.88,16.26,20.28,18.04,488,0
858,20.35,18.87,20.12,19.97,20.57,19.33,18.49,15.02,19.63,18.07,409,0
859,21.43,19.54,19.89,20.87,20.18,20.43,19.04,16.16,19.78,17.6,397,0
860,20.4,18.39,20.06,19.44,20.01,19.19,18.3,15.31,19.21,17.64,439,0
861,20.87,18.56,20.26,19.26,20.05,18.96,18.59,15.28,18.97,17.4,1461,0
862,20.74,18.49,19.57,19.63,19.95,19.18,18.14,14.92,19.39,17.65,499,0
863,21.09,19.43,20.45,20.19,19.78,19.13,18.78,13.46,20.76,18.55,410,0
864,20.79,19.06,19.86,20.21,20.89,19.61,18.61,14.36,19.43,18.57,519,0
865,20.58,18.27,19.85,19.31,20.06,19.09,18.29,14.71,18.75,17.68,49,0
866,21.11,18.7,20.23,19.67,21.27,19.93,18.79,14.94,20.45,18.07,307,0
867,20.44,18.31,19.88,19.5,19.8,19.31,18.1,15.24,19.23,17.86,398,0
868,20.55,18.36,19.53,19.21,19.45,18.59,18.03,14.6,17.93,18.33,381,0
869,20.92,18.29,19.65,18.73,20.8,19.01,18.39,14.67,18.99,17.53,373,0
870,19.36,17.28,20.41,18.88,19.74,19.54,18.24,15.76,19.38,17.9,1015,0
871,20.14,17.96,19.81,19.38,20.48,19.71,18.41,14.49,20.27,18.56,563,0
872,20.03,17.9,19.72,19.14,19.65,19.17,17.87,15.08,19.14,17.57,659,0
873,20.59,18.86,19.61,19.88,20.52,19.59,18.69,14.37,20.51,18.14,492,0
874,20.5,18.88,19.91,19.36,20.35,19.28,18.45,14.57,19.58,17.85,385,1
875,20.19,18.05,19.6,19.27,20.27,19.55,18.38,14.69,19.17,17.78,767,0
876,20.5,18.07,20.02,19.21,20.58,19.27,18.65,15.8,18.84,18.16,1308,0
877,20.82,17.94,19.89,19.35,21.29,19.84,19.03,14.03,19.99,18.8,2541,0
878,20.28,17.99,20.61,19.01,20.91,20.09,18.32,15.42,20.2,18.5,1047,0
879,21.12,19.14,19.66,19.88,20.8,19.64,18.83,14.54,20.39,18.32,837,0
880,20.67,18.39,20.0,19.08,20.3,19.14,18.0,15.07,18.98,18.03,1417,0
881,20.46,18.52,19.89,19.57,20.43,19.27,19.37,14.32,19.57,18.31,1229,0
882,20.38,18.35,19.84,19.43,20.62,19.11,18.57,15.29,19.26,18.32,1141,0
883,20.46,19.01,20.21,19.23,20.95,19.6,18.57,16.22,20.87,18.83,1220,0
884,20.96,18.49,19.94,19.5,20.57,19.12,18.65,14.93,18.85,18.0,865,0
885,20.83,18.76,19.69,19.87,20.31,19.34,18.77,14.57,19.67,17.98,878,0
886,21.45,19.27,20.42,19.86,20.92,20.49,19.3,17.41,18.77,19.95,1434,0
887,19.94,18.0,19.68,19.44,22.05,20.49,18.91,15.23,19.72,18.42,1359,0
888,21.07,19.53,19.83,19.91,20.53,19.55,17.97,15.75,19.21,19.41,1246,0
889,20.63,18.93,20.19,19.59,21.17,19.67,18.99,14.67,19.18,18.42,1163,0
890,21.21,18.68,20.92,19.32,20.56,20.51,18.79,16.23,20.68,18.96,1174,0
891,20.95,18.44,20.53,19.49,20.49,19.58,18.66,15.05,20.22,18.32,2311,0
892,19.6,17.5,19.97,19.09,19.79,19.6,17.75,15.4,18.73,17.84,1318,0
893,21.11,18.86,20.01,19.67,21.02,18.99,19.06,15.41,19.42,18.09,1042,0
894,20.52,18.89,20.41,19.46,20.77,19.83,19.18,15.16,18.6,17.88,974,0
895,20.7,18.94,20.0,19.31,20.3,19.39,19.55,16.8,19.16,18.12,972,0
896,20.77,19.32,20.32,20.27,20.59,19.66,19.32,15.14,19.7,19.28,2109,0
897,20.5,18.64,19.73,19.86,21.02,19.54,18.49,14.75,19.38,18.07,563,1
898,21.53,19.29,20.08,20.03,20.27,19.14,18.97,15.98,20.23,18.01,1935,0
899,20.93,18.95,19.76,19.9,21.14,18.96,18.02,15.07,18.71,18.36,2128,0
900,20.73,18.75,19.88,19.72,20.34,19.6,18.79,15.17,19.66,17.67,707,0
901,20.24,18.3,19.35,19.08,19.7,19.04,18.02,15.08,18.62,17.48,707,0
902,20.61,18.6,20.41,19.45,20.21,19.35,18.4,15.34,18.87,17.68,591,0
903,20.6,18.52,20.33,19.71,20.23,19.05,18.31,15.15,18.98,18.14,640,0
904,20.58,18.14,19.74,18.96,19.9,18.84,17.5,15.28,17.91,17.72,726,0
905,20.74,19.04,20.49,18.59,20.24,19.5,18.51,19.19,18.77,18.74,450,0
906,20.31,18.13,20.05,19.35,19.61,18.92,17.77,16.24,19.08,17.17,450,0
907,21.58,19.1,21.5,19.96,20.4,19.92,19.51,15.05,20.37,19.55,762,0
908,21.29,18.76,20.02,19.7,20.97,19.02,18.49,13.67,19.64,17.76,710,0
909,21.05,18.89,20.13,19.67,20.89,19.14,18.75,13.87,19.41,17.73,710,0
910,20.65,18.13,19.72,19.46,20.06,19.14,17.7,15.02,18.56,17.71,694,0
911,20.46,18.17,20.31,19.13,20.01,19.12,18.76,15.62,19.72,17.73,526,0
912,20.4,18.08,20.16,19.01,19.69,19.08,18.01,15.14,19.38,17.93,630,0
913,20.53,17.85,20.67,18.85,20.53,19.34,18.36,14.73,19.49,18.77,630,0
914,20.76,18.46,20.32,19.37,20.13,19.15,17.97,14.82,19.27,17.79,658,0
915,20.24,17.72,19.97,18.77,20.43,19.27,18.42,15.24,18.9,17.61,554,0
916,20.49,18.35,19.93,19.55,20.7,20.07,19.22,15.13,19.77,18.76,393,0
917,20.65,17.99,19.81,19.07,19.87,19.18,18.37,15.3,18.41,17.26,1692,0
918,20.26,18.01,20.24,19.17,19.75,18.82,17.86,14.9,17.25,16.63,1692,0
919,20.7,18.82,19.73,19.0,20.42,19.21,18.57,15.51,18.91,18.22,1640,0
920,20.77,18.57,19.87,19.52,20.76,19.57,18.61,14.9,19.97,17.99,275,0
921,20.48,17.91,19.87,18.95,20.58,19.29,18.46,14.64,18.91,17.82,275,0
922,19.44,17.76,20.32,19.7,20.31,20.22,18.33,14.81,20.41,18.0,275,0
923,20.65,18.39,19.76,19.57,20.16,19.57,18.54,14.9,18.93,17.73,626,0
924,21.22,18.94,19.51,19.88,20.61,18.94,19.65,14.2,18.8,18.3,336,1
925,20.27,18.21,19.84,19.24,19.8,19.1,18.09,14.54,18.7,17.08,336,1
926,20.37,17.71,19.78,18.99,20.71,19.2,17.75,14.82,18.84,18.21,1545,0
927,20.85,18.4,20.06,19.54,20.39,18.99,18.17,15.16,18.94,18.03,595,0
928,20.57,17.82,20.3,18.78,19.89,18.65,17.89,15.5,17.44,18.22,1732,0
929,20.02,17.5,20.2,18.59,20.64,19.53,18.19,15.21,18.15,18.77,428,0
930,20.56,17.93,20.17,19.21,19.8,18.86,18.23,15.08,18.52,17.99,1563,0
931,21.05,18.86,20.25,19.07,20.38,19.25,18.39,16.31,19.15,17.86,2329,0
932,20.94,19.38,20.17,19.88,20.3,19.94,18.7,15.85,19.67,17.95,1631,0
933,21.21,19.0,19.14,20.06,20.59,18.95,18.9,14.48,18.88,17.88,2653,0
934,19.78,17.5,20.17,18.94,20.6,19.63,17.69,15.28,18.84,18.19,1004,1
935,20.76,18.96,19.88,19.83,20.67,19.9,18.86,14.34,19.59,19.03,984,0
936,20.33,18.61,20.09,19.85,21.15,20.94,19.35,16.96,20.0,18.93,867,0
937,21.08,18.6,18.99,19.46,20.57,19.08,17.93,14.16,18.16,17.89,501,0
938,20.18,17.94,20.53,19.19,20.03,19.42,17.61,14.74,18.75,17.21,501,0
939,20.03,17.93,20.26,19.02,20.69,19.87,18.97,15.25,19.48,18.54,1133,0
940,20.54,18.26,20.68,19.18,20.39,19.14,18.17,14.19,18.87,18.31,2362,0
941,20.07,18.44,19.63,19.31,20.66,20.29,19.19,15.06,20.35,18.79,1138,0
942,20.53,18.4,19.89,19.62,20.56,19.69,18.56,14.78,19.41,17.8,2140,0
943,20.27,18.28,19.79,19.19,19.57,18.99,17.86,14.55,18.71,17.44,2140,0
944,21.0,19.16,20.43,20.13,21.17,19.51,19.42,15.24,19.24,17.97,1026,0
945,21.85,19.58,21.04,19.7,20.2,19.26,19.21,16.29,20.01,18.32,1025,0
946,20.45,18.55,19.56,19.71,20.22,19.63,18.61,14.65,20.0,17.85,865,0
947,20.3,18.64,20.08,19.52,20.68,19.62,18.22,15.2,19.31,18.63,1800,0
948,20.63,17.48,19.67,19.07,19.87,18.94,18.0,15.23,18.52,17.66,118,0
949,20.63,18.45,19.99,19.56,20.74,19.36,18.67,15.12,18.91,17.98,675,0
950,20.48,18.4,19.69,19.4,19.39,18.8,17.73,15.18,19.31,18.07,1855,0
951,20.5,18.15,19.81,19.08,20.11,19.26,17.96,14.23,18.61,17.79,337,0
952,20.8,18.47,20.15,19.54,20.48,19.09,18.35,15.04,18.94,17.85,1648,0
953,20.53,18.71,19.43,19.76,20.27,19.46,18.56,13.86,18.95,18.73,1836,0
954,20.04,18.32,19.55,19.19,19.85,19.13,18.3,15.21,19.1,17.6,1836,0
955,20.91,18.36,19.41,19.56,20.77,19.38,18.87,14.54,18.09,18.16,2240,0
956,21.13,19.38,19.95,20.09,20.94,19.57,19.12,14.7,19.62,18.31,598,0
957,20.64,18.42,19.76,19.49,20.71,19.28,19.02,15.49,19.73,18.45,748,0
958,21.02,18.54,19.1,19.56,21.28,19.7,18.57,13.52,19.51,19.02,2306,0
959,19.85,17.84,19.71,18.86,19.67,18.73,17.99,16.56,17.59,17.43,2306,0
960,21.37,19.45,20.57,20.25,20.97,20.83,20.19,15.34,20.38,19.01,879,1
961,20.79,19.4,19.65,19.25,20.38,19.19,19.91,15.12,18.73,18.24,1523,0
962,20.6,18.96,20.28,20.59,21.17,20.21,19.49,16.59,20.34,18.92,3247,0
963,20.03,18.01,19.86,19.03,19.79,18.99,17.93,15.71,18.3,17.33,3247,0
964,21.03,19.64,20.7,19.81,20.57,19.82,20.0,16.97,18.94,18.9,3121,0
965,20.49,18.78,20.12,18.64,20.57,19.53,18.13,15.68,18.4,18.9,266,1
966,21.57,19.27,21.33,21.17,21.44,19.74,19.3,14.7,20.9,19.07,1309,0
967,20.58,19.46,21.08,19.47,21.79,19.76,19.76,18.62,19.51,18.2,1604,0
968,20.49,17.98,20.17,19.53,19.7,19.01,17.48,14.38,17.81,17.38,1604,0
969,20.03,18.3,20.35,19.38,20.97,20.05,18.76,15.62,19.46,19.24,821,1
970,20.14,17.98,20.29,19.04,20.7,19.71,18.93,14.17,19.67,17.97,1051,0
971,20.49,18.3,19.59,19.48,19.96,19.06,18.18,14.5,19.57,17.64,1325,0
972,19.91,18.04,20.29,19.09,21.04,19.92,18.54,15.76,19.54,18.71,252,0
973,20.24,18.44,20.84,19.31,20.41,19.7,18.95,16.08,20.43,18.31,931,0
974,18.74,16.84,20.64,18.98,21.32,21.15,17.89,15.23,20.34,19.35,1208,0
975,21.32,19.35,20.83,20.1,20.95,20.53,20.15,17.05,21.41,18.99,1062,0
976,20.66,18.54,20.44,20.49,20.37,20.32,19.31,15.38,20.59,18.75,1179,0
977,19.54,17.78,20.78,19.53,21.07,20.39,18.21,15.84,19.8,19.22,1043,0
978,19.97,19.84,21.46,20.58,21.24,20.78,18.67,16.52,20.4,19.58,538,0
979,20.57,18.26,20.33,18.89,20.06,18.91,17.61,15.73,18.53,18.43,1059,0
980,21.41,19.55,19.64,20.4,20.91,19.37,18.78,14.79,19.72,17.06,1000,0
981,20.17,18.33,19.48,18.87,19.79,18.62,17.99,15.88,17.74,16.59,1000,0
982,20.48,18.33,19.59,19.68,20.15,19.17,18.2,15.13,19.37,17.78,1120,0
983,20.19,18.21,19.38,19.19,19.65,18.8,18.15,16.35,18.21,17.26,1120,0
984,21.07,19.38,20.04,20.11,20.87,19.69,18.68,14.54,20.05,18.67,678,1
985,20.16,18.35,19.61,19.24,19.68,18.99,18.05,15.42,18.69,17.42,678,1
986,20.5,18.67,19.62,19.22,19.5,19.32,18.13,17.61,18.21,18.36,1039,0
987,20.93,18.55,19.86,19.11,19.83,19.18,18.35,16.38,18.11,17.17,1101,0
988,20.26,17.92,19.26,18.88,19.52,18.62,17.72,14.63,17.75,17.48,1101,0
989,20.46,18.53,19.8,19.94,20.43,19.32,18.73,14.79,19.86,17.02,1112,0
990,20.34,18.27,19.72,19.54,19.78,19.11,17.93,14.53,19.38,17.37,1112,0
991,20.65,19.46,20.35,20.09,21.39,20.13,19.1,15.77,20.93,18.54,1203,0
992,21.15,19.35,21.08,20.09,20.95,20.01,19.21,14.22,21.14,18.61,1266,0
993,20.05,18.26,20.04,20.21,20.82,20.04,18.99,15.34,20.77,17.65,1266,0
994,21.2,19.29,19.44,19.87,20.55,19.08,18.98,14.26,19.43,18.12,1088,0
995,20.85,19.1,19.8,20.23,21.27,19.49,19.04,14.27,19.81,18.29,1072,1
996,20.74,18.51,19.56,19.82,19.87,19.06,18.42,13.76,19.63,16.95,1072,1
997,21.26,19.13,19.5,20.34,20.79,19.69,18.85,13.83,19.73,17.92,786,1
998,20.64,18.5,19.5,19.65,20.0,19.08,18.26,14.36,18.97,17.52,786,1
999,21.09,19.0,20.1,19.81,20.4,19.6,18.76,14.16,19.95,18.08,576,0
1000,20.52,18.1,19.77,19.38,21.48,19.65,19.14,15.04,19.43,17.78,300,0
1001,20.47,18.35,19.96,19.7,20.68,19.39,18.72,14.86,18.77,18.16,755,0
1002,20.34,17.96,20.09,19.41,20.23,19.44,17.85,14.81,19.03,17.77,860,0
1003,20.47,18.24,19.91,19.34,20.21,19.0,17.85,15.8,19.39,18.28,1063,0
1004,21.04,18.95,18.97,20.09,20.84,19.54,19.11,13.89,19.06,18.06,78,0
1005,21.01,18.77,19.15,20.05,20.16,19.34,18.23,13.6,19.79,18.26,186,0
1006,20.79,18.66,19.74,19.42,20.28,19.07,18.83,15.04,19.0,18.06,92,0
1007,19.99,17.99,20.45,19.17,20.34,19.26,17.72,14.79,19.0,17.63,339,0
1008,21.63,18.55,19.89,19.39,20.52,19.21,19.34,15.28,19.15,18.34,1467,0
1009,20.76,18.5,19.56,19.66,19.97,18.78,18.39,14.3,18.67,17.13,1467,0
1010,20.21,18.26,20.48,19.38,20.65,19.38,18.57,15.94,20.19,18.02,1369,0
1011,20.59,18.6,20.96,19.64,20.89,19.74,19.4,15.82,19.95,18.83,976,1
1012,20.54,18.25,19.97,19.28,19.92,18.87,18.28,15.19,18.46,17.09,976,1
1013,20.6,18.39,20.45,19.32,20.53,19.28,18.48,14.73,18.95,17.88,1224,0
1014,20.54,18.12,19.93,19.72,20.01,19.14,17.93,14.17,18.8,17.29,1224,0
1015,20.46,18.16,19.8,19.25,20.46,18.92,18.23,14.87,18.07,17.8,34,0
1016,20.36,18.19,19.7,19.58,19.99,18.98,18.25,14.24,18.58,17.26,34,0
1017,20.16,17.9,19.97,18.78,19.94,19.17,18.3,14.78,18.52,17.94,1419,0
1018,20.75,18.74,19.58,19.8,21.39,20.08,19.63,14.0,19.38,18.07,200,0
1019,20.88,18.53,19.85,19.82,20.16,18.84,18.3,14.09,18.11,16.93,200,0
1020,19.43,17.86,21.29,20.09,20.85,20.41,18.81,15.41,21.59,18.71,647,0
1021,22.05,19.99,19.6,19.95,20.73,19.63,18.91,15.01,19.78,18.35,1417,0
1022,20.62,18.25,20.09,19.48,20.01,19.02,18.1,14.43,18.59,17.28,1417,0
1023,20.84,18.61,19.53,19.55,20.74,19.13,18.41,14.73,18.37,17.62,1449,0
1024,21.02,18.53,20.0,19.7,20.29,18.68,18.2,14.24,17.45,17.0,1449,0
1025,21.43,19.1,19.63,19.9,20.45,18.77,19.47,14.85,18.27,18.23,1048,1
1026,20.78,18.9,20.19,19.71,21.19,19.84,18.71,14.83,19.96,18.28,975,0
1027,20.85,17.93,20.24,19.09,20.69,19.34,18.51,14.91,18.77,18.0,1285,0
1028,20.9,18.65,19.66,19.79,20.53,19.28,18.6,14.65,19.23,17.82,1148,0
1029,21.29,19.12,20.15,20.47,21.49,20.11,19.22,15.16,20.15,18.73,1189,0
1030,21.03,18.77,19.5,19.89,21.3,19.72,18.66,14.31,18.73,18.04,1167,0
1031,20.5,18.89,20.13,20.22,21.63,20.03,18.57,14.92,19.83,18.64,1248,0
1032,21.22,19.13,19.69,20.4,21.01,20.4,19.36,15.93,19.54,18.88,1269,0
1033,20.89,18.37,20.58,19.2,20.97,21.2,19.68,18.59,17.7,19.39,1239,0
1034,21.09,18.56,20.11,19.8,20.54,19.14,19.07,14.78,18.5,18.14,1232,0
1035,21.59,19.23,19.03,19.97,21.06,19.52,19.33,17.01,19.12,18.56,612,0
1036,20.76,19.41,20.38,20.3,20.16,19.83,19.57,16.64,19.1,18.32,21,0
1037,20.06,17.97,20.35,19.28,20.46,19.3,18.4,15.68,19.26,18.17,26,1
1038,19.97,18.27,20.48,19.35,21.17,19.58,18.53,16.0,18.76,18.24,1186,0
1039,21.33,19.42,19.9,19.97,21.02,19.13,18.47,15.76,18.78,18.14,59,0
1040,20.36,18.52,20.58,19.19,20.63,19.48,19.22,16.7,19.65,18.17,217,0
1041,21.23,18.98,19.04,19.69,20.72,19.24,18.84,15.76,18.64,17.8,747,0
1042,20.06,18.08,19.91,19.27,20.73,19.19,18.42,15.23,18.7,18.04,375,0
1043,20.81,18.24,20.18,19.29,20.57,19.62,18.37,15.12,19.62,18.34,904,1
1044,21.29,19.3,19.2,20.2,20.67,19.69,18.56,14.73,20.1,18.31,288,0
1045,19.3,17.7,20.45,19.52,19.9,19.95,19.42,14.76,19.45,18.85,1158,0
1046,20.45,18.42,19.65,19.02,20.44,19.16,18.02,15.19,19.05,17.66,1001,0
1047,20.54,19.43,20.1,19.99,20.0,20.06,18.42,16.93,20.72,18.56,918,0
1048,19.26,17.68,20.82,19.65,21.23,21.06,19.09,15.87,21.11,19.51,926,0
1049,20.5,18.41,21.21,19.27,20.64,19.8,18.11,15.54,19.8,18.76,727,0
1050,19.35,17.27,20.49,17.48,22.02,21.35,18.67,15.51,19.86,19.19,725,0
1051,19.66,18.28,20.41,19.98,21.26,20.55,18.93,15.03,20.7,18.8,812,0
1052,20.49,18.4,20.73,19.61,22.06,20.88,19.47,14.68,20.79,19.58,24,0
1053,20.4,18.04,20.91,19.29,20.34,19.3,18.15,14.89,19.8,18.61,785,0
1054,20.0,18.01,19.99,18.64,20.08,19.55,18.4,14.18,19.94,18.23,803,0
1055,19.93,18.53,20.43,20.05,21.02,20.54,18.81,15.28,20.51,19.27,847,0
1056,21.11,19.0,20.18,19.78,20.4,19.14,18.4,15.25,19.1,18.26,371,0
1057,20.53,17.97,19.63,19.46,20.0,19.15,18.13,14.93,19.18,17.56,1208,0
1058,21.78,19.51,19.65,20.03,20.92,18.76,18.93,15.28,17.8,17.47,258,0
1059,20.76,18.7,20.21,19.87,20.97,19.85,18.59,14.63,20.61,18.57,554,0
1060,20.54,18.09,20.56,19.4,20.75,19.54,18.57,15.02,18.98,18.93,575,0
1061,20.6,18.66,19.72,19.54,20.15,19.01,18.4,14.69,19.13,17.38,403,0
1062,20.99,19.24,20.29,19.65,21.01,19.05,19.54,14.74,17.98,18.12,504,0
1063,20.68,18.36,19.6,19.49,20.01,19.02,18.62,14.29,18.97,17.75,477,0
1064,20.24,18.3,20.47,18.67,22.21,19.73,18.39,16.18,18.5,17.4,875,0
1065,20.96,19.16,19.61,20.14,20.61,19.37,18.32,15.72,19.52,18.53,789,0
1066,20.77,19.07,21.04,19.97,20.5,19.3,19.63,17.41,20.4,17.64,694,0
1067,20.58,18.24,19.94,19.34,20.62,19.29,18.76,14.8,18.69,18.04,911,0
1068,20.36,18.41,20.49,19.19,20.06,20.02,18.57,16.42,19.63,17.79,908,0
1069,20.27,18.2,19.19,19.64,20.8,20.04,17.45,15.87,18.84,18.55,1229,0
1070,20.92,18.65,21.12,19.31,20.12,18.82,18.47,15.15,20.24,18.02,1251,0
1071,21.08,19.12,19.91,19.87,20.47,19.44,18.76,14.61,20.06,18.16,1210,0
1072,20.39,18.44,20.31,19.23,21.03,19.47,18.42,15.44,19.79,17.59,1611,0
1073,21.18,18.98,20.16,20.02,19.86,19.37,19.27,15.41,20.53,18.17,907,0
1074,20.35,18.23,20.01,19.51,20.65,19.11,18.3,14.71,19.66,17.9,703,0
1075,20.59,18.25,19.79,19.42,20.25,19.31,17.82,15.05,19.1,18.23,562,0
1076,20.97,19.3,19.29,19.93,20.29,20.41,18.68,15.69,20.13,18.06,915,0
1077,21.25,19.87,21.09,19.91,20.24,20.33,19.14,17.74,20.7,19.32,239,1
1078,20.77,18.51,20.58,19.31,20.43,19.29,18.3,15.65,18.66,18.6,575,0
1079,20.75,18.56,20.72,19.9,20.62,19.78,19.05,16.13,21.61,18.65,608,0
1080,20.86,18.54,20.78,19.42,20.57,19.17,18.67,14.74,19.97,18.07,187,0
1081,20.83,18.82,19.83,19.62,20.39,19.23,18.45,13.92,19.65,18.01,424,0
1082,20.5,18.28,19.11,19.27,20.3,19.05,18.4,14.14,19.24,17.73,320,0
1083,20.93,18.69,20.15,19.28,20.54,19.4,18.11,14.38,19.65,18.44,439,0
1084,21.02,19.36,19.77,20.01,20.35,19.38,18.57,15.59,18.49,18.23,1051,0
1085,20.72,19.08,20.41,19.55,20.92,19.87,19.3,16.41,19.48,18.67,607,0
1086,21.54,19.43,19.87,20.3,21.21,19.63,19.0,16.27,20.78,18.11,1673,0
1087,20.53,18.53,19.76,19.07,21.68,19.69,18.65,14.93,19.09,17.85,1604,0
1088,20.9,18.59,19.7,19.49,21.34,19.72,18.76,13.31,19.31,18.33,788,0
1089,20.23,17.75,20.18,19.19,20.96,19.8,18.81,14.4,18.98,18.49,672,0
1090,19.9,17.77,19.38,19.58,20.34,19.41,18.08,14.6,19.55,18.17,1035,0
1091,20.65,18.82,20.05,19.56,19.73,20.27,18.84,15.98,20.45,18.23,532,0
1092,19.48,17.82,20.77,18.57,20.98,19.76,18.73,15.55,20.27,17.65,533,0
1093,20.03,18.06,20.03,19.54,20.38,19.99,18.49,15.56,19.3,18.46,715,0
1094,20.76,18.4,20.21,19.66,20.32,19.35,18.65,14.62,19.39,18.36,463,0
1095,20.49,17.97,20.1,19.72,20.48,19.01,18.69,14.05,18.83,18.25,510,0
1096,20.26,19.17,20.83,20.4,21.11,20.48,19.51,17.46,21.3,19.5,760,0
1097,20.55,18.4,19.66,19.72,20.28,19.25,19.07,14.81,19.69,18.2,952,0
1098,20.93,18.97,19.78,19.77,19.91,19.48,18.17,13.86,19.84,19.03,1010,0
1099,20.46,18.79,20.33,19.6,19.96,19.12,18.23,14.99,19.54,18.48,225,0
1100,19.99,17.61,18.97,19.9,18.82,18.31,16.22,14.68,17.29,18.31,225,0
1101,20.96,18.88,19.73,19.86,20.24,19.69,19.13,16.3,19.37,18.9,3342,0
1102,20.25,18.4,19.58,19.31,19.85,19.1,18.3,15.19,19.36,17.67,3342,0
1103,20.37,18.68,19.27,19.24,20.39,19.93,18.68,14.36,19.59,17.96,1812,1
1104,20.48,18.77,20.06,19.56,21.05,19.89,18.66,14.7,19.72,18.11,6593,1
1105,21.21,19.25,20.51,18.88,21.7,19.83,18.67,16.13,19.98,18.59,2406,0
1106,20.45,18.54,20.43,18.74,20.82,19.44,19.02,15.22,19.86,18.6,2535,0
1107,20.98,18.62,20.45,19.37,21.17,20.02,18.64,14.63,20.78,18.48,2282,0
1108,21.05,19.5,20.81,19.44,21.51,20.62,19.41,17.22,21.12,18.13,2155,0
1109,20.8,18.94,20.24,19.97,20.12,19.29,18.45,14.56,18.82,18.35,2193,0
1110,21.2,18.9,18.97,19.9,20.17,19.37,18.41,14.01,19.78,17.88,2590,0
1111,20.96,18.63,20.36,19.8,21.91,20.19,18.83,14.5,20.39,18.29,2645,0
1112,20.81,19.27,20.2,20.05,21.01,19.83,18.01,15.36,19.69,18.09,3519,0
1113,20.66,18.55,19.97,19.19,20.25,19.41,18.04,15.38,19.05,18.0,3226,0
1114,20.9,19.1,19.76,19.61,20.53,19.45,19.06,14.9,19.9,17.81,3091,0
1115,20.86,18.79,19.2,19.77,21.27,20.22,18.72,14.64,19.97,18.21,2596,0
1116,20.23,18.02,20.34,18.98,20.1,19.55,18.13,15.7,18.7,18.23,3361,0
1117,20.32,18.68,20.51,18.99,20.94,19.89,18.32,15.27,19.92,18.01,1162,0
1118,19.7,17.94,20.31,19.66,20.62,19.89,18.62,15.63,19.28,18.19,1330,0
1119,20.54,18.87,20.16,20.33,20.1,20.1,19.45,16.03,20.93,19.76,2108,0
1120,20.16,18.2,20.45,19.62,20.36,19.81,18.56,15.62,20.34,18.07,2019,0
1121,20.27,18.13,19.84,19.17,20.35,19.98,18.37,14.44,20.05,17.8,2191,0
1122,20.14,17.97,20.03,18.93,20.8,19.86,18.44,15.1,19.28,18.25,412,0
1123,20.07,18.04,20.11,19.72,20.75,19.81,18.94,15.21,19.95,18.23,551,0
1124,20.23,17.7,19.93,18.89,20.25,19.39,18.43,17.86,18.17,17.9,79,0
1125,20.13,18.14,19.79,19.24,19.78,19.33,18.19,15.07,19.23,17.77,1900,1
1126,20.82,18.89,20.85,20.48,20.71,20.16,18.96,13.99,21.83,18.83,360,0
1127,20.37,17.77,20.44,19.25,20.8,19.78,18.9,15.88,20.29,18.77,352,0
1128,19.41,17.85,20.24,19.48,20.34,20.23,18.88,15.34,20.32,18.61,646,0
1129,20.19,18.68,20.32,19.66,20.12,19.49,18.34,15.52,20.06,18.32,402,0
1130,20.01,17.73,19.69,19.05,19.78,18.87,17.99,15.36,18.93,17.77,404,0
1131,21.31,18.86,20.34,20.34,20.71,19.96,18.73,15.06,20.94,18.61,323,0
1132,20.12,18.3,19.8,19.71,19.92,19.63,18.32,15.0,20.35,17.73,759,0
1133,20.07,18.68,20.77,19.94,20.4,19.57,18.8,17.63,20.26,17.66,996,0
1134,20.61,17.94,19.83,19.09,20.08,19.19,17.98,14.72,18.93,18.08,889,0
1135,19.89,17.69,20.53,19.85,21.04,20.53,18.88,15.37,20.38,19.07,762,0
1136,20.06,18.63,20.57,20.01,21.55,20.2,19.4,15.71,20.93,20.13,519,0
1137,19.32,17.82,21.04,20.01,21.66,21.12,18.54,15.82,20.94,18.7,466,0
1138,19.7,18.39,20.19,20.14,21.1,20.68,19.04,15.46,20.55,19.08,447,0
1139,20.82,18.77,20.53,20.31,21.32,20.52,19.48,15.79,21.68,19.0,440,0
1140,20.57,19.34,20.63,20.32,20.45,20.94,19.66,16.28,20.2,18.86,450,0
1141,19.81,17.58,20.92,19.33,21.6,20.63,19.17,15.85,20.56,18.88,677,0
1142,19.64,17.98,21.1,19.67,21.71,20.97,18.56,15.72,21.02,18.39,80,0
1143,19.8,18.81,21.22,19.93,21.49,21.58,20.16,17.81,21.31,19.13,489,0
1144,20.88,19.07,19.1,19.95,20.11,19.21,19.11,16.52,19.71,17.67,477,0
1145,20.14,18.67,20.55,19.93,20.69,19.88,19.02,15.12,20.77,18.76,227,1
1146,21.07,18.94,20.53,20.08,21.48,19.89,18.67,14.62,20.86,18.67,441,0
1147,19.4,17.71,20.22,20.06,21.51,20.47,18.31,15.07,20.81,19.52,594,0
1148,20.36,18.91,20.42,19.5,20.91,20.12,18.37,15.36,19.93,18.64,376,0
1149,20.04,19.0,22.71,20.24,20.71,20.88,19.34,16.82,22.27,19.81,596,0
1150,20.19,18.0,21.33,20.36,21.43,20.34,18.91,15.62,20.79,19.22,532,0
1151,20.25,18.25,20.4,19.12,20.27,19.55,18.7,15.51,18.92,18.2,849,0
1152,20.18,18.28,19.65,19.32,19.96,19.19,18.19,14.98,19.24,17.79,681,0
1153,20.19,18.12,20.03,19.61,20.14,19.49,18.48,15.01,20.06,17.98,64,0
1154,20.57,18.66,20.48,19.84,20.89,20.09,18.64,14.56,20.94,18.65,1104,1
1155,19.57,18.32,20.25,19.48,20.33,20.38,18.07,17.07,20.07,19.47,1780,0
1156,20.6,18.06,20.27,18.67,20.16,19.47,18.18,15.21,19.87,18.24,973,0
1157,20.02,17.98,19.98,19.14,20.03,19.54,18.37,15.4,18.5,17.93,1783,0
1158,20.37,18.24,19.51,19.44,20.42,19.49,18.76,14.88,19.8,18.36,1219,0
1159,20.1,18.09,19.88,19.19,20.06,19.07,18.41,14.99,19.91,18.04,1062,0
1160,19.6,18.56,22.45,20.7,20.36,20.11,18.88,10.95,21.8,18.53,1106,0
1161,20.04,18.13,20.33,19.35,20.25,19.29,18.74,15.84,19.93,17.95,878,0
1162,20.88,19.14,21.67,20.58,21.08,20.11,19.33,14.49,22.37,18.94,752,0
1163,20.52,18.64,20.44,19.51,20.63,19.96,17.82,17.97,18.38,18.85,679,0
1164,20.41,18.98,20.49,20.14,20.99,20.38,19.76,17.74,20.86,19.33,620,0
1165,20.7,19.43,19.8,20.06,20.56,19.84,18.75,16.93,20.45,18.71,714,0
1166,20.32,17.96,20.39,19.7,20.52,19.95,18.18,14.94,20.13,18.58,1996,0
1167,20.41,18.39,20.47,19.19,19.79,19.16,18.76,16.26,19.69,18.28,1275,1
1168,19.37,17.99,20.31,19.85,21.02,21.05,18.25,14.92,20.7,19.35,1301,0
1169,19.52,18.29,20.9,19.42,20.84,20.12,18.78,15.74,20.02,17.82,792,0
1170,19.55,17.12,20.31,19.6,21.26,20.38,18.81,15.5,19.86,18.89,528,0
1171,20.61,18.46,20.08,20.68,21.41,20.7,19.32,13.82,20.92,19.63,428,0
1172,20.79,18.75,20.65,19.57,20.26,19.59,19.5,18.03,18.74,18.9,858,0
1173,20.47,18.46,19.63,19.35,20.08,19.36,18.37,14.51,19.22,18.08,600,0
1174,19.68,17.6,19.83,19.06,20.03,19.24,17.38,15.15,19.16,18.12,1220,0
1175,20.33,17.73,19.83,19.68,20.14,19.25,18.38,15.6,19.18,17.92,271,0
1176,20.09,18.07,20.43,19.43,20.71,20.37,18.14,15.66,19.85,18.3,1430,1
1177,19.61,18.04,20.23,19.61,21.09,19.76,18.46,15.72,19.49,18.47,1953,0
1178,20.85,18.97,19.92,19.91,20.84,19.93,18.82,15.18,20.56,18.43,2645,0
1179,20.37,18.37,21.66,19.59,20.9,19.9,19.59,15.41,20.58,19.83,-7,0
1180,19.51,17.95,20.87,19.11,20.91,20.02,18.24,15.05,20.12,18.5,5,0
1181,19.47,18.16,20.32,19.76,20.46,19.92,18.63,16.45,18.81,18.5,8,0
1182,20.79,19.55,19.36,19.74,20.79,19.42,19.4,16.9,19.96,18.81,302,0
1183,20.76,18.84,20.83,19.63,20.89,20.08,18.81,15.22,20.72,17.94,572,0
1184,20.17,17.93,19.52,19.08,20.27,19.03,18.75,14.88,18.91,17.44,562,0
1185,20.64,18.23,19.61,19.12,21.02,19.47,19.27,15.14,19.59,18.07,641,0
1186,20.51,18.77,18.55,19.26,20.11,19.16,19.73,16.57,19.24,18.82,629,0
1187,20.6,18.74,19.92,20.21,20.03,19.64,18.14,14.73,19.82,18.49,586,0
1188,20.09,17.79,19.92,19.44,20.35,19.38,18.34,14.98,18.56,18.19,421,0
1189,20.33,17.92,20.27,19.07,20.06,19.24,17.29,15.32,18.57,17.96,574,0
1190,20.48,17.52,19.79,18.84,20.25,19.05,17.83,14.09,18.35,18.12,529,0
1191,20.34,18.79,19.91,20.3,20.55,20.17,18.54,16.37,20.49,18.59,525,0
1192,20.32,18.39,19.41,19.6,19.96,19.23,17.8,15.05,19.78,18.09,424,0
1193,20.16,17.89,21.12,19.61,21.28,19.75,18.92,14.87,20.31,19.0,518,0
1194,20.04,18.35,21.37,19.81,20.52,20.13,19.29,14.61,21.11,19.71,116,1
1195,19.15,17.17,20.07,19.91,21.33,21.3,18.25,15.33,20.56,19.76,2033,0
1196,19.52,18.02,20.12,19.28,19.68,19.33,18.07,15.64,18.96,18.07,347,0
1197,19.7,17.81,20.55,20.18,21.58,21.41,19.51,16.13,20.86,19.46,1611,0
1198,19.98,18.66,20.36,19.35,21.49,20.63,19.18,16.0,20.1,18.82,883,0
1199,20.46,18.58,19.76,19.61,20.22,19.28,18.42,14.84,19.8,17.82,467,0
1200,20.38,18.44,20.01,19.67,20.46,19.39,18.4,14.79,20.08,18.37,488,0
1201,19.39,18.24,20.55,20.02,21.05,20.64,18.78,15.42,20.5,18.82,3287,0
1202,20.14,18.51,20.37,19.75,20.6,19.57,18.61,15.31,19.6,19.22,3256,0
