,expressionNCKAP1,expressionARPIN,expressionPICK1,expressionWASF1,expressionCYFIP1,expressionABI1,expressionBRK1,survival,event
0,17.61,17.38,17.4,14.41,18.34,17.68,20.59,4047,0
1,17.15,17.38,17.37,15.2,17.89,18.12,21.15,4005,0
2,16.7,16.67,17.18,15.06,17.82,18.47,21.31,1474,0
3,17.27,17.38,17.46,16.05,18.43,18.12,21.59,1448,0
4,17.11,17.71,17.74,16.86,17.93,18.34,21.63,348,0
5,16.94,16.81,17.5,14.93,18.41,18.24,21.67,1477,0
6,16.8,17.35,17.85,16.33,18.16,18.45,22.08,1471,0
7,17.49,16.7,18.64,14.43,18.08,18.83,22.06,303,0
8,17.64,17.26,17.46,16.67,18.82,18.66,21.17,259,0
9,18.07,16.09,16.28,16.69,18.52,18.72,21.27,437,0
10,17.98,17.1,16.6,15.71,18.97,19.1,21.84,1321,0
11,17.15,18.74,17.29,15.0,18.34,18.68,21.51,1463,0
12,17.69,18.4,16.36,15.45,18.76,18.57,21.91,434,0
13,18.27,16.94,16.62,16.75,19.2,18.66,21.56,1437,0
14,17.71,16.88,16.48,15.29,18.42,18.54,21.39,635,0
15,18.15,16.24,16.48,16.54,18.76,18.84,21.13,416,0
16,17.86,15.45,17.46,18.91,17.7,18.23,20.65,967,1
17,18.02,17.45,16.78,14.9,18.99,18.58,21.43,242,0
18,17.5,17.71,16.37,14.79,18.89,18.56,21.2,1196,0
19,18.16,17.72,16.25,17.74,18.35,19.06,22.65,852,0
20,17.93,16.57,17.59,18.36,19.16,18.08,21.07,584,0
21,17.69,17.05,17.75,15.99,18.55,18.33,21.68,554,0
22,17.41,17.61,16.78,16.68,18.59,18.72,21.49,4354,0
23,17.05,16.72,17.84,16.96,17.36,18.62,21.61,548,1
24,17.23,16.97,16.59,15.79,18.05,19.37,21.6,2385,0
25,18.05,15.44,16.33,15.49,18.59,18.36,21.37,3709,0
26,18.23,16.42,17.51,16.01,18.8,18.88,22.75,2246,0
27,18.17,15.32,17.77,15.0,18.04,18.02,23.79,2654,0
28,17.41,15.79,16.5,17.98,18.2,18.54,21.9,1920,1
29,18.51,16.88,17.07,15.47,18.38,17.78,21.72,3102,0
30,17.5,17.09,17.06,13.97,18.21,18.47,21.55,1686,0
31,17.38,17.03,16.32,14.66,18.33,18.71,21.45,1099,0
32,16.91,16.43,17.8,14.82,18.19,18.32,21.92,4159,0
33,17.68,15.89,16.72,15.74,18.3,18.67,20.7,3015,0
34,18.06,16.43,16.74,17.46,18.57,19.33,21.64,754,1
35,16.89,16.79,17.19,15.17,18.44,18.07,21.18,3492,1
36,17.21,17.65,16.53,15.99,18.45,18.35,21.9,2813,0
37,17.24,17.01,17.36,13.01,18.15,17.99,21.72,2695,0
38,15.6,16.72,17.44,14.3,17.83,18.04,22.42,3283,0
39,17.29,16.57,16.29,16.27,18.08,18.04,21.83,2348,1
40,17.56,15.36,16.69,15.49,17.56,18.48,21.66,2289,0
41,17.73,17.09,16.19,14.62,18.6,18.08,21.59,158,1
42,17.15,17.99,16.53,16.12,18.4,18.42,21.84,3011,0
43,17.48,15.12,17.01,15.59,18.58,18.27,22.73,3283,0
44,17.44,15.73,16.54,17.56,18.06,18.32,20.93,1728,0
45,16.39,15.07,18.29,16.55,17.17,18.91,23.53,1673,0
46,17.43,16.6,16.88,16.31,18.48,18.57,21.73,1616,0
47,17.58,16.87,17.55,17.22,18.28,18.09,21.72,2048,0
48,17.37,14.22,17.24,16.17,18.76,18.88,22.22,1051,0
49,17.53,16.34,17.67,16.87,19.28,18.68,21.42,1027,0
50,18.1,17.73,16.91,16.63,18.68,18.87,21.27,1873,0
51,17.5,16.56,16.89,14.15,17.93,18.06,20.8,767,0
52,17.97,16.67,16.9,16.14,18.67,18.63,21.58,3094,0
53,17.27,16.9,16.07,15.75,18.39,18.73,21.49,2718,0
54,17.84,17.05,16.7,16.26,18.44,18.88,21.48,2442,0
55,16.69,16.94,16.92,15.81,18.61,18.66,21.34,3603,0
56,17.5,14.78,17.41,15.44,18.9,18.84,21.25,2426,0
57,18.18,15.91,17.29,14.46,19.32,18.88,21.93,2263,0
58,17.82,17.14,16.72,16.43,18.75,18.58,21.32,2190,0
59,17.46,13.86,16.68,18.39,18.02,18.66,21.29,1066,0
60,17.65,15.72,16.31,15.39,18.51,18.91,21.31,1043,0
61,17.32,17.62,16.51,14.17,18.38,18.88,21.41,968,0
62,17.59,17.13,16.39,15.31,18.58,18.54,21.28,1884,1
63,17.71,17.15,17.16,16.85,18.54,18.74,22.26,752,0
64,17.03,16.74,16.82,16.32,17.79,18.51,21.34,1925,0
65,17.39,16.34,16.48,15.33,18.49,19.22,21.47,3017,0
66,17.6,17.71,16.27,16.71,18.98,18.94,21.77,1662,0
67,17.17,17.19,16.36,16.16,18.55,18.65,22.04,825,1
68,17.11,15.39,17.47,13.79,18.4,18.97,21.34,1365,1
69,18.08,16.22,16.43,16.98,18.73,19.32,20.51,1534,0
70,17.49,16.41,17.22,14.8,18.77,18.4,21.64,1347,0
71,17.71,15.54,16.8,16.49,18.98,19.06,21.52,533,0
72,17.52,17.96,16.75,15.13,19.08,18.61,21.67,521,0
73,17.46,16.87,17.17,16.11,18.51,19.96,21.97,255,1
74,17.59,14.92,16.7,14.96,17.78,18.82,20.66,1516,0
75,17.67,16.66,16.51,15.0,18.46,18.3,21.71,624,0
76,17.71,17.15,17.23,17.24,18.7,18.6,21.37,531,0
77,17.94,17.14,15.81,16.17,18.7,18.69,21.73,575,0
78,17.81,17.14,16.41,16.13,18.42,18.7,21.22,631,0
79,17.94,16.62,16.34,14.75,18.54,18.35,21.58,990,0
80,17.82,16.94,16.06,15.12,18.71,18.46,21.27,769,0
81,18.88,18.67,16.05,16.21,18.41,18.72,21.28,554,0
82,18.37,17.24,15.52,16.05,18.86,18.86,21.22,1535,0
83,17.89,16.42,16.5,16.96,19.08,19.17,21.22,666,0
84,17.36,16.94,16.17,15.82,18.57,18.56,21.18,659,0
85,17.64,16.87,15.85,14.36,19.07,18.65,21.34,1505,0
86,18.32,17.49,16.17,17.66,18.91,19.55,21.45,566,0
87,17.51,17.01,16.42,15.73,18.56,18.69,21.2,588,0
88,17.69,16.56,16.68,15.65,18.7,18.67,21.45,1474,0
89,18.29,16.28,16.58,16.62,18.58,19.1,21.05,965,0
90,17.89,17.16,16.33,16.03,18.99,18.77,21.72,723,1
91,18.61,15.42,16.79,14.46,18.55,18.91,21.52,714,0
92,17.91,16.69,16.67,17.53,18.7,18.45,20.79,528,0
93,17.54,15.47,17.21,15.11,18.91,18.42,21.28,1847,0
94,18.01,16.1,16.88,14.9,18.91,18.87,21.99,683,0
95,17.64,17.1,17.36,16.45,18.7,18.54,21.11,616,0
96,18.54,16.21,16.25,17.45,19.33,20.27,21.15,584,0
97,18.14,16.02,16.21,16.74,19.67,18.69,21.92,595,0
98,17.83,17.24,16.43,16.46,18.61,18.92,21.63,501,0
99,17.82,16.89,16.6,15.77,18.48,18.72,21.27,1596,0
100,17.72,17.01,16.16,15.66,18.53,18.7,21.73,3276,0
101,18.19,19.41,15.76,14.39,19.24,19.29,21.23,1291,0
102,18.22,18.19,15.49,15.59,19.02,18.74,21.31,523,0
103,17.16,16.13,16.99,16.84,18.8,18.62,22.15,552,0
104,18.12,16.8,16.89,15.49,18.61,18.85,22.17,3204,0
105,17.36,16.94,15.65,15.83,18.73,19.16,21.51,322,0
106,17.63,16.96,17.23,15.62,18.76,18.47,21.04,1102,0
107,17.87,17.22,17.22,15.82,18.96,18.38,21.28,1206,0
108,16.87,17.63,17.71,16.16,17.34,19.4,21.56,1032,1
109,16.8,17.3,18.3,17.94,18.72,19.96,20.96,2770,0
110,17.07,15.32,16.86,17.15,17.24,18.33,22.45,912,1
111,15.89,15.93,19.11,14.04,17.99,17.68,22.54,996,0
112,16.21,16.26,18.22,15.46,18.12,17.89,21.73,1712,0
113,17.7,15.85,18.08,16.84,18.3,19.29,21.56,1439,1
114,17.14,16.86,17.86,16.67,18.95,19.19,21.53,1093,1
115,16.83,16.52,17.24,16.23,18.6,18.13,21.4,1532,0
116,17.39,16.03,17.58,17.19,18.46,18.6,22.01,1546,0
117,17.23,15.75,17.27,15.09,18.2,18.59,21.51,222,0
118,17.83,17.11,17.47,17.0,18.37,18.45,21.17,742,0
119,17.12,16.81,17.52,16.04,18.65,18.52,21.13,648,0
120,17.78,15.01,17.53,16.35,18.32,18.45,21.05,706,0
121,17.09,16.05,16.69,15.34,18.78,17.99,21.74,820,0
122,16.88,16.21,17.38,14.44,18.27,18.51,21.14,643,0
123,17.91,16.1,17.12,15.92,18.08,18.34,21.58,666,0
124,18.08,16.04,17.47,13.36,18.54,18.37,21.57,1165,0
125,17.61,17.41,16.8,17.55,17.63,18.43,21.01,1074,0
126,17.35,16.86,17.41,16.29,18.86,18.24,21.67,1074,0
127,17.63,17.34,16.02,15.35,18.59,18.73,21.73,1043,0
128,17.71,16.84,16.81,14.54,18.29,18.58,21.38,1079,0
129,17.12,16.94,16.95,15.75,18.59,18.2,21.65,1079,0
130,17.71,15.99,17.0,17.02,17.96,18.48,21.01,931,0
131,18.09,16.09,17.34,15.81,18.11,18.62,21.33,1139,0
132,17.91,17.62,15.99,15.49,18.74,18.31,21.92,1139,0
133,18.16,17.39,16.45,15.6,17.95,19.78,21.61,1085,0
134,17.9,17.13,15.98,15.04,19.52,18.41,21.73,1007,0
135,18.44,18.23,15.72,15.91,18.68,18.76,20.5,1007,0
136,17.85,17.5,15.83,16.97,19.56,18.63,21.67,1007,0
137,18.19,16.04,17.03,12.53,18.39,19.15,20.81,906,0
138,17.4,16.58,17.19,13.95,17.95,18.12,19.88,906,0
139,17.88,17.29,16.6,15.91,18.51,18.4,21.29,906,0
140,18.68,15.53,17.71,15.88,18.79,19.72,21.8,965,0
141,19.07,16.09,17.34,16.2,18.1,19.93,20.56,965,0
142,18.12,16.32,16.64,15.11,18.78,19.99,20.77,614,1
143,18.77,18.24,14.84,16.25,18.22,20.56,20.62,614,1
144,17.91,17.31,15.79,16.21,18.87,18.41,21.58,614,1
145,17.67,15.08,16.91,15.18,19.51,18.16,21.95,765,0
146,17.64,17.25,16.62,16.21,18.6,18.41,21.42,765,0
147,17.58,17.36,17.44,13.96,18.36,18.09,20.33,718,0
148,18.2,17.72,15.55,17.05,18.6,18.43,21.81,718,0
149,17.03,16.87,16.98,15.02,18.76,18.43,21.58,899,0
150,18.39,16.73,15.53,14.98,18.88,18.86,21.56,954,0
151,18.44,17.44,16.62,15.31,18.19,18.79,20.45,954,0
152,17.6,17.18,16.31,16.19,18.97,18.76,20.39,738,0
153,18.46,16.51,16.06,17.19,18.95,19.57,21.5,722,0
154,18.16,17.59,16.41,14.58,18.51,18.59,21.36,724,0
155,18.02,17.38,16.81,16.13,18.7,19.19,20.13,661,0
156,18.04,16.74,16.17,15.01,18.68,18.86,20.93,627,0
157,18.15,17.39,15.98,15.55,18.07,18.89,19.67,627,0
158,17.77,17.37,17.49,16.11,18.4,17.86,21.07,679,0
159,17.26,16.88,17.26,15.25,18.86,18.41,21.83,345,0
160,16.89,14.65,17.19,16.62,18.3,18.32,21.2,322,0
161,17.71,17.0,17.2,15.16,18.72,18.15,20.87,313,0
162,17.14,16.37,17.05,14.58,18.25,18.56,21.11,343,0
163,17.33,14.64,17.41,18.26,18.47,17.62,21.57,408,0
164,15.7,16.25,17.8,14.64,18.22,17.73,21.54,447,0
165,16.64,16.66,17.59,15.36,18.16,18.24,21.61,364,0
166,16.86,17.63,17.15,14.89,18.55,18.42,21.17,454,0
167,17.6,15.38,17.74,16.13,18.52,18.01,21.34,418,0
168,17.76,17.3,16.5,15.65,18.83,18.56,21.12,446,0
169,17.7,16.09,17.64,17.21,18.54,19.03,21.89,441,0
170,18.39,16.9,16.36,17.32,17.95,18.2,21.71,644,0
171,16.7,16.98,16.88,12.71,19.1,18.55,20.9,545,0
172,16.21,16.18,17.81,13.18,18.1,17.88,23.04,448,0
173,17.61,14.29,16.11,13.68,17.52,18.99,22.41,368,0
174,17.76,17.18,17.04,16.5,18.47,18.87,21.59,326,0
175,17.21,16.82,17.5,16.61,18.51,18.55,21.68,336,0
176,17.82,16.68,17.93,14.44,18.62,18.77,21.25,313,0
177,17.2,16.59,17.87,16.5,17.84,18.35,21.71,285,0
178,17.52,16.69,17.46,16.43,18.22,17.37,21.37,317,0
179,18.03,17.0,17.09,17.45,18.84,18.73,21.81,266,0
180,17.37,17.84,16.49,16.28,19.06,18.9,21.66,396,0
181,17.58,17.87,16.27,15.82,18.75,18.73,21.88,396,0
182,17.42,18.01,17.18,16.9,18.86,18.98,21.96,31,0
183,17.52,17.08,16.87,16.72,18.98,18.57,22.05,547,0
184,17.04,17.88,16.23,15.86,18.55,19.04,21.6,1614,0
185,17.95,15.84,16.19,13.19,17.94,18.99,22.52,883,1
186,18.17,16.17,16.47,15.99,17.9,19.07,22.01,943,1
187,17.67,16.1,15.8,16.98,17.71,19.01,21.3,791,0
188,17.49,16.39,17.06,16.11,17.44,18.28,20.98,31,0
189,17.6,17.26,16.31,17.2,18.76,18.91,21.59,518,0
190,17.72,17.01,16.1,16.36,18.56,18.45,21.38,1642,0
191,17.66,15.9,17.3,14.24,18.15,18.32,22.1,274,0
192,18.07,16.59,15.58,14.65,18.4,19.64,21.95,1308,0
193,18.18,15.81,16.86,17.67,18.21,18.3,22.57,1034,0
194,17.96,17.42,15.95,15.54,18.81,18.08,21.47,608,0
195,17.39,17.59,16.43,15.29,18.64,18.75,20.78,577,0
196,18.08,17.23,16.85,16.21,18.23,18.56,21.66,577,0
197,17.86,16.47,15.37,15.22,19.12,18.31,21.08,426,0
198,17.7,16.82,15.6,14.49,18.66,18.38,21.13,365,0
199,18.05,15.8,16.37,16.0,18.11,17.71,21.6,975,0
200,18.26,16.37,16.45,17.04,19.1,18.84,21.35,304,0
201,17.63,16.31,16.76,14.86,19.36,18.58,21.92,334,0
202,18.34,17.25,17.07,16.04,17.51,18.59,21.33,273,0
203,17.91,16.99,16.9,14.26,18.46,18.55,21.49,243,0
204,18.5,17.21,16.55,14.58,17.97,20.08,21.17,760,0
205,17.39,16.82,16.56,15.9,18.65,18.41,21.31,304,0
206,17.45,15.84,16.78,14.92,18.48,18.26,21.55,1371,0
207,17.79,16.33,17.12,15.92,18.89,18.53,21.59,-31,0
208,17.41,16.08,16.68,15.99,18.28,18.25,21.5,458,0
209,17.77,16.16,16.31,16.21,19.09,18.54,21.49,1124,0
210,17.59,16.83,16.38,15.55,18.45,18.52,21.58,396,0
211,17.51,16.62,17.5,14.37,18.58,18.19,21.58,30,0
212,17.59,17.86,16.37,11.83,18.95,19.17,21.68,1156,0
213,18.24,17.95,16.83,17.42,18.56,18.52,21.4,881,0
214,17.45,17.42,16.81,15.66,18.6,18.42,21.47,1004,0
215,17.93,16.63,16.79,16.33,17.8,18.58,21.12,607,0
216,17.43,16.62,16.29,15.13,17.83,18.56,21.22,365,0
217,17.99,16.62,16.18,16.28,18.49,19.13,21.71,1127,1
218,18.46,14.86,15.74,18.32,18.24,18.05,22.54,304,1
219,17.43,16.76,16.56,16.01,18.74,18.89,21.33,943,0
220,17.5,17.28,16.79,15.08,18.64,19.82,21.69,943,0
221,18.03,17.31,17.59,16.07,18.38,19.03,19.41,30,0
222,17.69,18.62,16.32,14.68,18.23,18.42,21.37,1004,0
223,17.96,17.05,17.07,16.82,18.5,18.7,21.27,3409,1
224,17.1,17.33,16.14,15.37,18.38,18.87,21.86,1308,0
225,17.99,17.49,16.0,16.94,18.87,18.75,21.4,1217,0
226,17.77,16.05,17.44,15.91,18.79,18.11,21.06,1004,0
227,17.44,17.45,16.73,16.8,18.18,18.93,21.37,942,0
228,17.4,17.02,16.2,14.34,17.98,18.41,22.08,546,0
229,17.78,18.23,16.65,14.61,18.73,18.3,21.38,1277,0
230,17.51,18.18,16.34,16.5,18.4,18.41,21.57,365,0
231,18.24,17.57,16.68,13.51,18.88,18.86,21.38,304,0
232,18.43,16.32,16.63,15.96,19.03,19.09,21.79,304,0
233,17.5,17.56,16.6,16.88,18.49,18.05,21.63,365,0
234,17.81,16.64,16.45,14.53,18.79,18.95,21.4,1522,0
235,17.92,16.3,16.82,12.6,19.23,19.13,22.0,1492,0
236,17.93,15.57,16.03,13.85,18.74,18.78,21.57,1371,0
237,17.72,16.8,17.57,15.56,18.44,18.83,21.56,912,0
238,17.54,17.64,16.65,13.33,18.34,18.42,21.18,1006,0
239,17.16,16.81,17.12,15.22,18.21,18.73,21.76,31,0
240,17.16,16.88,16.08,16.95,19.11,18.77,21.98,761,0
241,18.12,16.85,16.46,16.75,18.87,18.35,21.13,273,0
242,17.59,17.52,16.32,16.57,18.25,18.72,22.21,579,0
243,17.96,16.82,16.78,14.21,18.34,18.56,20.87,457,0
244,18.17,16.93,15.49,15.04,18.91,18.79,21.95,30,0
245,17.51,16.09,17.14,15.49,19.16,18.89,21.96,426,1
246,17.73,17.33,16.77,14.95,18.72,18.55,21.12,365,0
247,17.84,17.22,17.47,14.11,18.59,18.85,21.67,579,0
248,17.52,16.65,16.67,14.92,19.02,18.2,21.55,396,0
249,17.82,16.64,16.28,14.62,18.77,18.83,21.41,640,0
250,17.61,17.03,16.02,15.23,18.1,19.08,21.91,30,0
251,17.65,17.36,17.05,15.89,18.81,18.51,21.39,822,0
252,18.09,15.67,16.75,17.78,18.89,18.69,21.6,518,0
253,17.76,17.39,16.57,14.29,18.53,18.0,21.48,1157,0
254,17.85,15.86,16.29,14.17,18.63,18.64,21.59,585,0
255,17.8,16.8,16.06,16.88,18.62,18.82,21.73,698,0
256,17.5,17.1,16.25,15.77,18.8,18.42,21.38,2248,0
257,18.43,14.47,17.06,15.29,18.71,18.78,21.73,174,1
258,18.12,17.46,15.61,16.7,18.76,18.9,21.96,174,1
259,17.75,17.93,16.18,14.63,18.74,18.64,21.3,677,0
260,17.96,16.17,16.75,17.37,17.61,19.28,20.79,2222,0
261,18.42,14.9,17.22,15.25,17.61,18.79,21.92,3022,0
262,17.86,16.35,16.41,15.72,18.74,18.58,21.59,1234,0
263,17.76,17.38,16.36,16.32,18.79,18.69,21.65,1234,0
264,17.31,17.17,16.94,15.16,18.72,18.42,21.53,2636,1
265,17.42,17.19,16.06,16.87,18.91,18.65,21.69,2759,0
266,17.49,17.2,16.85,17.08,19.07,18.65,21.42,2759,0
267,17.53,17.04,17.24,15.39,18.5,18.46,21.42,1853,0
268,17.94,16.95,17.13,16.41,18.92,18.83,21.11,2650,0
269,16.91,16.76,16.82,15.82,18.57,18.09,21.23,792,1
270,16.68,16.41,18.14,16.08,18.44,18.1,22.1,792,1
271,17.47,16.9,16.98,15.21,18.43,18.52,21.21,2255,0
272,17.63,16.82,16.27,18.6,18.15,17.89,20.56,1005,0
273,17.16,17.14,17.26,14.69,18.85,18.21,21.66,588,0
274,15.09,16.18,18.13,15.51,18.1,16.88,22.88,446,1
275,16.95,16.9,16.37,15.17,18.46,18.26,22.04,987,0
276,17.51,17.32,17.64,16.85,19.29,18.82,22.1,197,1
277,17.4,17.02,16.6,15.3,18.81,18.33,21.39,496,0
278,17.31,16.49,16.47,15.72,17.96,19.06,20.02,451,0
279,16.69,16.37,16.94,16.56,18.4,18.37,22.28,675,0
280,17.52,18.15,16.15,17.49,17.94,18.7,20.41,734,0
281,15.89,16.55,17.98,15.31,17.94,17.75,22.63,762,0
282,16.24,16.1,18.24,13.03,17.94,17.86,22.28,456,0
283,16.93,17.21,18.12,15.26,18.72,18.52,21.47,504,0
284,16.66,17.22,17.68,15.24,18.77,18.11,21.73,602,0
285,16.89,16.97,17.42,14.89,18.7,18.25,21.47,471,0
286,17.41,16.54,17.83,15.98,18.67,18.56,21.55,707,0
287,16.69,16.61,17.99,16.64,18.41,17.8,22.03,754,0
288,17.47,16.31,17.83,13.54,18.87,18.15,21.3,890,0
289,17.73,17.05,16.88,16.2,19.21,18.48,21.55,511,0
290,16.49,16.55,15.96,13.96,18.39,18.67,22.0,588,0
291,17.35,16.25,17.04,18.49,18.31,18.21,21.43,455,0
292,16.1,17.3,18.58,14.76,17.91,17.93,22.27,348,1
293,17.63,14.8,17.43,19.11,18.82,19.61,21.42,417,0
294,17.61,17.2,16.82,13.82,18.05,18.26,21.68,530,0
295,17.15,17.08,16.39,16.2,18.56,18.45,21.11,568,0
296,16.98,15.7,17.85,17.25,18.64,19.16,21.72,413,0
297,17.63,17.23,17.04,15.07,18.55,18.02,21.53,373,0
298,17.86,17.52,17.64,14.29,18.45,18.73,21.56,373,0
299,17.31,17.44,17.54,16.99,18.23,18.18,21.0,51,0
300,17.12,17.46,17.09,12.45,18.32,18.33,21.9,250,0
301,15.91,16.7,17.28,18.55,18.23,17.74,22.23,1,0
302,17.4,17.3,17.23,14.42,17.94,18.42,21.45,614,0
303,16.98,15.92,18.08,16.93,18.68,18.75,20.89,34,0
304,17.52,16.39,17.69,15.27,18.71,18.28,21.46,40,0
305,17.19,17.26,17.92,15.02,18.71,18.22,21.48,70,0
306,17.84,17.29,16.09,14.84,18.26,18.58,21.94,10,0
307,17.03,15.19,17.5,17.22,18.36,18.35,21.91,10,0
308,18.08,16.85,17.12,15.26,18.87,19.06,21.09,7,0
309,17.66,16.91,17.42,17.0,18.26,18.77,22.05,10,0
310,17.69,16.0,16.1,14.34,18.37,18.11,21.94,19,0
311,17.85,17.1,16.7,16.34,18.4,18.55,21.92,90,0
312,17.52,15.57,17.23,14.29,18.81,18.93,21.75,54,0
313,17.31,15.94,17.99,13.44,17.29,18.74,20.98,52,0
314,16.64,15.23,16.54,17.1,18.16,18.71,21.37,303,0
315,18.55,15.82,16.61,13.81,19.23,18.38,21.66,224,0
316,18.92,16.29,18.4,15.74,18.39,18.15,20.89,227,0
317,17.62,17.61,17.47,14.91,18.59,18.36,21.34,5,0
318,18.87,17.77,17.19,16.74,18.87,19.69,22.59,10,0
319,17.94,17.5,17.05,16.34,18.69,18.85,21.98,10,0
320,18.37,16.84,17.05,17.17,17.95,18.39,21.94,10,0
321,17.51,15.59,16.46,16.27,17.5,18.85,21.45,196,0
322,17.62,15.71,15.84,14.46,18.29,18.67,21.22,172,0
323,18.13,16.49,17.57,17.33,17.96,19.05,21.4,242,0
324,17.17,16.32,16.5,15.99,17.98,18.53,21.14,213,0
325,18.08,14.39,18.59,14.05,18.94,18.42,21.93,231,0
326,17.76,17.24,16.45,16.27,18.32,18.83,21.63,218,0
327,17.76,16.73,17.01,15.22,18.39,18.55,21.73,210,0
328,18.15,16.74,17.26,14.69,18.5,19.02,21.83,214,0
329,18.08,16.67,16.73,17.25,18.36,18.24,21.75,10,0
330,17.65,16.48,16.58,15.36,17.78,18.05,21.94,11,0
331,18.17,15.78,17.09,16.11,18.12,19.13,21.75,10,0
332,17.44,15.81,16.84,17.3,17.95,18.59,20.89,10,0
333,17.71,17.25,16.5,14.56,18.22,19.31,21.31,10,0
334,18.16,15.68,17.8,16.97,19.26,18.78,20.78,16,0
335,17.4,17.15,17.03,15.04,18.29,18.35,21.24,163,0
336,18.79,16.83,16.12,15.87,18.79,19.05,22.17,10,0
337,17.83,17.17,16.05,14.54,18.64,18.67,21.9,375,0
338,17.41,16.84,16.69,14.37,18.55,18.33,21.22,9,0
339,17.05,16.53,16.37,13.38,18.23,18.49,21.53,10,0
340,17.43,17.09,16.91,16.22,18.45,18.55,21.5,10,0
341,17.39,15.85,16.19,14.58,18.32,18.53,21.15,10,0
342,18.8,16.88,16.34,17.88,18.84,17.86,21.63,10,0
343,17.78,17.03,16.53,16.06,18.61,19.02,21.42,162,0
344,18.02,16.82,15.71,16.31,18.96,19.02,21.55,170,0
345,17.65,16.24,16.67,16.17,18.45,18.48,20.64,2442,0
346,17.64,15.06,17.09,15.94,18.31,18.43,21.19,1866,0
347,17.6,17.22,15.52,15.68,18.12,18.79,21.49,2031,0
348,17.72,15.41,16.8,15.13,18.63,19.27,21.2,2483,1
349,17.71,18.23,15.95,17.01,18.04,18.63,21.84,2911,1
350,17.27,16.59,17.12,16.14,18.21,18.45,21.62,2091,0
351,17.2,17.32,17.65,15.44,17.98,18.27,20.94,2124,0
352,18.03,17.35,16.91,15.85,19.99,18.45,21.47,1793,1
353,17.62,18.57,17.59,16.05,17.81,19.15,21.59,1351,0
354,17.62,17.27,17.25,16.34,18.68,18.7,21.91,997,0
355,17.8,15.94,17.34,17.87,18.22,18.98,21.05,651,0
356,18.4,16.96,17.79,15.7,18.48,18.15,21.54,1587,0
357,18.17,16.35,16.15,15.86,18.68,18.92,21.28,792,1
358,18.35,16.44,17.33,16.1,18.1,18.93,22.06,1140,0
359,17.55,16.25,17.17,16.53,17.89,18.57,21.77,618,0
360,17.64,16.91,15.65,13.47,18.5,18.37,21.82,680,0
361,17.13,17.1,16.46,16.59,18.19,18.57,21.43,1613,0
362,18.29,16.16,15.73,15.52,18.59,18.95,21.56,655,0
363,17.18,16.88,17.82,15.72,17.67,18.14,21.97,1542,0
364,15.91,16.38,16.59,15.25,17.36,19.08,21.08,1547,0
365,17.68,17.05,16.15,18.18,17.39,18.52,21.67,2190,0
366,17.47,16.69,16.42,15.46,18.37,18.58,21.36,2335,0
367,17.95,17.45,16.32,15.04,18.75,18.68,21.46,1980,0
368,17.8,15.54,16.15,14.89,18.62,19.15,21.42,798,0
369,17.25,14.43,16.71,16.04,18.61,19.06,21.39,1528,0
370,17.66,16.7,16.88,15.03,18.24,18.51,21.61,1887,0
371,17.42,16.74,16.85,16.63,17.52,19.04,20.78,1683,0
372,17.21,16.34,16.04,14.39,18.57,18.18,21.69,2184,0
373,18.03,17.09,16.7,18.71,17.48,19.45,20.96,3506,0
374,17.24,17.37,17.68,13.43,17.9,18.0,21.51,3456,0
375,17.18,15.83,17.63,16.43,18.03,18.36,22.2,3307,0
376,17.41,16.29,16.38,15.08,18.48,18.79,21.38,3248,0
377,17.45,16.93,17.63,16.73,17.91,19.05,21.62,3286,0
378,17.59,17.35,16.64,16.72,18.53,18.81,21.07,3112,0
379,16.92,15.91,17.47,14.11,18.18,18.4,21.34,2989,0
380,17.96,16.55,15.89,15.98,19.36,18.68,21.61,2372,0
381,17.6,18.01,16.3,16.61,18.54,18.82,21.46,2515,0
382,17.45,16.35,16.2,15.05,18.69,18.3,20.96,2142,0
383,17.75,16.71,16.53,17.1,18.54,19.3,21.63,1842,0
384,17.91,15.98,17.68,16.41,18.45,18.69,21.98,1639,0
385,17.61,17.42,17.22,16.93,18.36,18.16,21.67,1234,0
386,18.09,16.84,16.11,17.31,18.71,18.93,21.23,622,0
387,17.96,15.76,14.52,16.19,17.84,18.95,21.39,2953,0
388,17.37,15.38,16.43,16.05,18.1,18.61,21.31,1882,0
389,16.86,16.27,17.09,17.42,19.35,18.49,22.57,2513,0
390,18.33,16.96,15.27,18.44,18.95,18.99,21.43,350,0
391,17.35,17.22,17.01,15.63,18.32,18.61,22.57,541,0
392,18.1,16.31,17.21,16.66,19.18,18.62,21.37,754,0
393,18.06,16.56,17.02,18.08,18.09,18.75,21.58,819,0
394,17.85,17.46,17.24,14.77,18.66,18.67,21.6,3957,0
395,18.06,17.55,16.52,16.32,19.25,19.08,21.72,172,1
396,17.87,17.49,16.66,12.38,18.52,18.42,22.01,475,0
397,18.07,17.28,16.23,15.3,18.83,18.65,21.3,989,0
398,17.35,16.05,18.64,17.35,17.78,19.06,21.03,78,0
399,16.65,15.9,17.55,15.05,17.48,18.58,21.27,1001,0
400,16.84,17.61,16.69,14.61,18.34,18.9,21.45,584,1
401,18.56,17.69,17.68,17.02,18.75,19.34,20.86,4275,0
402,17.78,15.68,17.62,15.91,18.76,18.7,20.86,2991,0
403,17.73,16.31,16.83,11.65,18.4,18.62,21.39,160,1
404,17.68,18.01,16.8,16.65,18.29,19.53,20.92,2558,0
405,17.38,17.76,16.42,17.6,18.79,18.87,21.28,3316,0
406,16.87,15.67,16.61,17.37,18.26,19.17,22.12,709,0
407,17.65,17.52,17.83,12.57,18.29,18.67,21.69,2288,0
408,17.43,16.19,16.88,14.62,17.84,18.34,21.37,3009,0
409,17.88,15.96,16.61,14.82,18.39,18.58,20.62,1972,0
410,17.22,14.7,15.68,15.64,18.62,18.85,21.62,1699,1
411,17.91,15.81,16.61,16.29,18.51,18.58,20.98,3262,1
412,18.18,15.29,16.76,15.24,19.2,18.79,21.47,1988,0
413,18.65,16.33,15.83,16.72,19.06,18.98,21.0,2551,1
414,17.47,16.52,16.21,16.5,19.01,18.81,21.8,4080,0
415,17.91,16.57,16.61,14.61,18.67,19.36,21.84,3261,0
416,18.56,16.15,15.65,18.26,17.77,18.93,21.82,3807,0
417,18.37,15.58,16.59,14.29,19.05,19.51,21.14,3296,0
418,17.91,16.31,15.59,16.73,18.87,19.25,21.13,3072,0
419,17.25,17.53,16.8,14.67,18.56,18.97,21.13,3159,0
420,17.76,17.18,16.63,15.63,18.68,18.59,21.22,2971,0
421,17.06,17.26,16.86,16.57,18.83,18.71,21.61,2991,0
422,17.25,16.84,16.13,16.88,18.27,18.06,21.46,2920,0
423,17.31,17.12,16.65,16.14,19.04,18.97,21.7,2618,0
424,17.98,17.62,16.33,15.97,18.94,18.77,21.7,2856,0
425,17.74,15.78,16.61,16.79,18.34,19.68,21.18,3021,0
426,18.72,16.72,14.9,16.55,19.3,19.22,21.82,524,1
427,17.65,17.92,16.63,15.11,18.97,18.46,22.18,1150,0
428,17.55,17.09,16.75,14.63,19.72,18.52,21.43,1272,1
429,18.03,16.32,17.16,15.6,18.89,18.69,21.33,2868,0
430,17.83,15.76,15.76,16.55,19.04,18.54,20.82,1864,0
431,16.94,16.51,16.53,16.64,18.0,18.99,21.22,2632,0
432,17.57,17.86,16.65,15.99,19.33,18.56,21.32,2629,0
433,17.62,16.77,16.41,18.7,18.49,20.39,21.84,1026,0
434,17.85,17.1,16.41,17.61,18.49,18.97,21.58,4894,0
435,18.06,17.41,15.77,17.18,18.8,18.93,21.72,1548,0
436,18.59,16.77,15.42,17.32,18.22,18.12,21.36,2866,1
437,18.24,16.65,16.27,15.07,18.63,18.9,21.43,3660,0
438,18.42,17.93,16.1,15.41,18.35,18.98,21.39,3035,0
439,17.95,17.15,15.67,16.24,18.55,18.81,21.5,3607,0
440,18.34,17.31,15.4,16.27,18.46,18.66,21.38,84,0
441,19.22,17.57,16.17,17.01,18.75,18.89,22.27,3172,0
442,17.81,14.99,16.43,15.8,18.07,18.72,21.42,3430,0
443,17.96,16.86,16.1,17.29,18.73,18.96,20.76,2976,0
444,18.2,17.46,16.23,15.59,17.95,18.97,21.75,3202,0
445,18.4,16.81,17.06,16.55,19.14,19.39,21.53,3128,0
446,17.77,17.13,16.48,16.54,18.48,18.67,21.38,3203,0
447,18.0,17.02,16.32,15.84,18.44,18.67,21.2,991,0
448,18.22,17.71,15.96,17.35,18.74,18.92,21.52,3004,0
449,17.78,16.88,16.25,15.01,18.32,18.64,21.47,3001,0
450,17.92,16.31,16.37,15.16,18.76,18.4,20.99,2707,0
451,18.01,17.36,16.76,17.41,17.79,20.31,20.95,3030,0
452,17.98,17.68,15.83,16.18,18.7,19.13,21.32,2838,0
453,18.15,17.91,16.31,16.82,19.7,18.64,21.39,2605,0
454,18.19,17.18,15.6,15.38,18.52,18.28,21.06,2161,0
455,19.25,15.95,15.43,15.84,18.59,19.64,21.31,2854,1
456,17.6,17.4,16.71,14.33,18.66,18.71,21.78,5062,0
457,17.26,17.42,17.42,15.15,18.61,18.62,21.15,616,1
458,16.29,15.94,17.86,16.5,18.65,18.08,22.21,2632,0
459,17.19,17.15,16.66,17.22,18.45,18.33,21.39,1649,1
460,17.66,17.74,17.14,16.2,18.83,19.22,21.95,2012,0
461,17.96,17.27,16.75,17.48,18.72,18.75,21.12,1935,0
462,17.66,16.81,16.54,15.47,18.44,18.41,21.18,1161,0
463,17.46,16.42,16.21,15.16,18.52,18.43,21.08,1198,0
464,17.68,17.45,16.37,16.31,18.84,18.52,21.29,1233,0
465,17.2,16.44,17.27,17.97,17.57,18.78,20.92,1742,0
466,16.59,16.48,16.49,14.96,18.23,18.19,21.46,2231,0
467,17.52,17.25,16.51,15.03,18.33,18.63,21.44,1013,0
468,17.46,16.12,16.79,16.87,18.54,18.62,21.73,1185,0
469,17.16,16.74,16.91,15.93,18.85,18.59,21.86,322,1
470,17.61,17.21,17.57,13.85,17.01,19.08,21.77,2361,1
471,16.83,16.53,17.69,16.3,17.62,18.41,21.06,4361,0
472,16.93,18.09,18.06,16.53,18.55,18.2,21.68,8556,0
473,17.36,17.77,17.8,16.03,18.15,19.41,20.92,991,1
474,17.97,18.12,17.1,14.36,18.68,19.09,21.41,749,1
475,17.71,16.88,17.21,17.25,19.27,18.89,21.09,362,1
476,17.87,17.0,16.73,12.53,18.11,18.84,22.48,8391,0
477,17.42,17.07,17.35,12.89,17.78,18.67,21.59,3941,1
478,17.95,17.37,17.39,15.51,18.67,18.57,21.3,1542,1
479,16.92,15.8,17.87,16.02,17.53,18.78,21.11,1993,1
480,17.68,16.48,16.26,15.23,18.72,18.55,21.14,4456,1
481,18.08,16.36,16.1,16.78,18.09,18.98,21.3,3418,1
482,18.06,16.87,18.42,15.96,18.21,18.59,21.92,7106,0
483,18.06,14.81,17.04,15.65,18.87,18.25,22.12,571,1
484,18.04,17.97,16.97,16.5,19.05,18.33,21.38,3873,1
485,17.23,16.86,16.14,16.01,18.15,18.88,22.09,2573,1
486,17.79,16.39,16.82,17.8,18.84,18.21,21.4,5042,0
487,17.67,17.26,17.25,16.03,18.62,18.61,21.59,3926,1
488,17.62,15.66,17.01,18.21,18.64,18.52,21.87,4285,0
489,18.29,16.53,16.59,17.49,18.62,20.52,22.0,7777,0
490,17.77,16.91,16.47,14.65,18.57,18.54,21.91,2082,0
491,17.76,16.95,15.99,14.96,17.99,18.07,21.95,6456,1
492,17.57,17.39,17.06,16.35,18.86,18.51,21.24,7126,0
493,17.29,16.6,16.36,12.02,18.25,18.24,21.8,2469,1
494,17.39,16.6,17.21,16.75,18.41,18.58,21.63,2373,1
495,17.62,16.44,15.91,15.15,18.04,18.71,21.8,8008,0
496,17.99,16.64,16.55,13.82,18.57,19.23,22.07,4929,0
497,17.74,16.71,16.54,14.22,18.27,18.6,21.8,3126,1
498,17.71,16.76,17.17,15.58,18.74,18.63,21.58,4267,1
499,18.02,17.0,17.4,14.21,17.87,18.82,22.2,3063,1
500,17.06,16.35,15.94,16.02,17.81,19.09,21.48,2721,0
501,17.69,16.38,16.82,17.14,18.03,18.29,21.83,8605,0
502,17.57,17.18,17.11,14.7,18.62,18.43,21.51,5156,0
503,17.93,17.64,16.9,14.32,18.62,18.77,24.33,2965,1
504,17.75,17.34,16.82,14.92,18.75,18.56,21.13,5739,0
505,18.14,15.77,16.6,15.69,17.83,18.54,21.66,2417,1
506,18.1,16.84,16.18,13.93,18.26,18.72,21.02,558,1
507,17.45,16.73,15.77,16.34,18.74,19.07,21.93,639,1
508,17.56,16.42,17.05,16.04,19.22,18.64,21.2,3461,1
509,17.63,17.34,16.69,13.15,17.99,18.02,21.92,6292,0
510,17.16,16.74,17.51,15.59,18.69,18.37,21.49,3945,1
511,18.92,17.08,16.54,15.69,18.42,19.56,20.53,7455,1
512,17.85,15.71,16.91,16.78,17.76,18.4,21.5,860,1
513,17.59,18.29,16.58,12.0,18.51,17.62,21.61,2097,1
514,17.43,16.94,16.93,16.93,18.76,18.58,21.84,1781,1
515,18.24,15.05,16.84,17.37,18.48,19.05,22.32,1326,0
516,18.47,16.37,15.72,16.35,18.38,20.01,22.45,3088,0
517,17.4,16.98,17.04,14.2,18.4,18.21,21.49,2236,0
518,17.82,17.0,15.92,16.07,18.83,18.84,21.66,4233,0
519,17.63,16.81,17.22,13.12,18.33,18.24,21.29,5176,0
520,17.01,16.33,16.48,16.69,17.8,18.81,21.43,1152,1
521,17.36,16.83,17.65,15.11,18.83,18.23,20.82,215,0
522,16.79,17.28,17.64,14.84,18.31,18.17,21.57,2596,0
523,17.98,16.09,17.8,18.29,18.05,19.28,21.63,2134,0
524,16.51,17.4,16.85,15.45,18.07,18.3,22.07,2072,0
525,17.38,15.77,17.43,14.42,18.35,19.29,21.78,573,1
526,16.8,17.25,16.71,14.71,18.48,18.4,21.79,3152,0
527,17.08,16.17,16.89,16.21,17.7,18.4,21.41,2164,0
528,18.27,16.61,16.38,16.18,18.37,18.19,21.69,1914,0
529,17.56,16.94,17.44,16.48,18.72,18.68,21.14,1914,0
530,18.6,17.99,16.67,17.19,18.72,19.36,22.04,1820,0
531,17.4,15.76,16.25,16.81,18.46,18.59,22.04,622,0
532,17.25,17.73,16.17,17.12,18.76,18.59,21.93,777,0
533,17.72,17.23,16.64,16.12,18.64,18.59,21.46,777,0
534,18.07,17.27,16.38,16.45,18.65,18.59,21.61,1919,0
535,17.75,17.13,17.16,17.03,18.6,18.84,20.99,1919,0
536,17.32,17.44,16.16,14.46,18.29,18.43,22.12,2477,0
537,17.83,16.99,16.49,15.07,18.4,19.02,21.62,1148,0
538,18.53,16.98,16.74,16.1,18.47,18.49,21.59,1203,0
539,17.87,17.14,17.01,15.87,18.65,18.81,21.26,1203,0
540,17.46,17.47,16.45,15.98,18.48,18.49,21.67,1191,0
541,17.69,17.51,16.52,15.98,18.36,18.57,21.59,2136,0
542,18.27,17.6,15.89,16.06,18.69,18.29,21.86,2136,0
543,17.28,15.61,16.81,15.85,18.14,18.71,21.81,2483,0
544,17.77,17.13,15.96,15.14,19.15,19.06,21.73,2559,0
545,17.7,16.99,17.33,16.78,18.75,18.83,20.94,2559,0
546,17.75,15.64,16.85,14.07,17.87,18.65,20.91,1569,0
547,18.15,17.49,15.83,16.15,18.73,18.31,21.64,1569,0
548,17.53,15.74,16.66,18.5,18.26,18.84,20.93,1572,0
549,17.33,17.06,16.59,15.0,18.02,18.42,21.12,1132,0
550,17.75,17.39,16.55,16.29,18.76,18.58,21.39,1132,0
551,17.42,16.25,17.17,13.94,18.58,18.41,21.82,974,0
552,17.71,17.04,16.77,16.0,18.75,18.66,21.57,974,0
553,17.99,16.01,16.85,14.78,18.9,18.52,21.57,554,0
554,17.77,17.23,16.2,16.21,18.63,18.95,21.55,1324,1
555,18.59,17.3,17.3,15.66,19.05,19.56,20.84,1871,0
556,17.73,16.22,16.19,14.82,18.53,18.61,21.18,660,0
557,17.69,17.02,16.88,16.86,18.75,18.57,21.34,660,0
558,18.49,16.68,16.3,17.32,19.12,19.52,21.74,2278,0
559,17.47,17.26,16.73,15.61,18.2,18.6,21.34,1876,0
560,17.65,16.84,17.02,16.15,18.82,18.68,21.46,1876,0
561,17.77,16.99,16.84,15.47,18.56,18.52,21.13,2197,0
562,17.62,17.73,16.41,14.88,18.35,18.46,21.28,2296,1
563,17.63,17.08,16.94,15.71,18.81,18.48,21.82,2255,0
564,17.86,17.0,16.73,16.36,18.67,18.8,21.12,2255,0
565,17.91,16.93,15.48,15.23,18.61,18.16,20.95,2330,0
566,17.59,16.74,17.1,15.99,18.73,18.86,21.48,2612,0
567,17.23,17.27,15.97,15.92,18.07,18.39,22.48,2365,0
568,17.7,16.58,16.86,16.32,18.78,18.84,21.72,2365,0
569,17.68,16.48,15.17,14.21,18.96,18.55,21.66,1519,0
570,17.66,16.92,16.98,17.14,18.71,18.62,21.12,1519,0
571,18.75,17.07,17.4,15.18,18.21,19.26,20.07,2371,0
572,17.24,16.99,16.6,16.66,18.44,18.97,20.78,2371,0
573,17.51,16.32,16.46,15.05,17.77,18.22,21.45,2255,0
574,17.78,17.31,16.29,16.4,18.73,18.48,21.34,2255,0
575,17.25,17.28,16.6,16.14,18.06,18.88,21.79,1270,0
576,17.76,17.31,17.03,16.34,18.81,18.71,21.21,1270,0
577,18.04,16.36,16.5,16.64,18.51,18.75,21.54,1411,1
578,17.93,16.78,16.04,15.94,18.45,18.31,21.11,2709,0
579,17.74,17.06,17.03,16.62,18.79,18.84,21.36,2709,0
580,17.05,16.55,16.2,14.95,18.14,18.23,21.19,2767,0
581,17.95,17.28,16.15,17.24,18.49,18.57,20.75,2486,0
582,17.99,17.8,15.93,16.17,18.75,18.3,21.48,2486,0
583,17.79,16.06,17.17,15.56,18.48,18.53,21.12,2372,0
584,17.58,16.35,16.94,16.07,18.51,18.29,21.37,2041,0
585,17.88,17.16,16.76,16.95,18.61,18.83,21.29,2041,0
586,17.37,17.42,16.07,13.13,18.22,18.39,21.87,1156,0
587,16.84,16.83,17.18,15.43,18.49,18.07,22.06,1156,0
588,17.66,16.49,16.97,15.91,18.84,18.42,21.19,912,0
589,17.09,15.99,16.91,15.49,18.67,18.39,21.48,423,0
590,17.74,16.7,17.38,16.17,19.11,18.74,21.12,423,0
591,17.96,18.14,17.09,15.14,18.76,18.83,20.94,2381,0
592,17.7,17.26,16.62,16.36,18.58,18.59,21.13,2381,0
593,17.65,17.0,16.86,15.31,18.53,18.45,21.18,1644,0
594,17.94,17.28,16.76,16.37,18.77,18.76,21.31,1644,0
595,17.71,16.93,16.8,14.98,18.12,18.52,21.57,476,0
596,17.71,16.87,17.17,15.7,18.95,18.71,21.47,476,0
597,17.42,16.94,15.61,15.86,18.32,18.54,21.55,98,0
598,17.72,16.92,17.14,16.58,18.83,18.68,21.25,98,0
599,17.56,17.59,16.7,16.37,18.7,19.0,22.21,78,0
600,17.87,17.42,16.77,16.75,18.66,18.98,21.39,2403,0
601,17.78,16.88,17.17,16.59,18.66,18.8,21.21,2403,0
602,17.72,17.24,16.54,15.87,18.77,18.34,21.64,2064,0
603,17.98,17.03,17.09,16.37,18.81,18.91,21.13,2064,0
604,17.44,16.64,17.18,15.15,18.32,18.52,22.31,2156,0
605,17.86,15.76,16.78,17.0,18.58,18.98,22.23,495,0
606,17.21,16.68,17.81,16.32,18.92,18.32,21.71,495,0
607,17.2,16.15,17.12,17.42,18.22,18.98,21.59,134,0
608,17.01,16.32,18.07,16.13,18.82,18.27,22.06,134,0
609,17.83,17.04,17.33,15.14,18.38,18.16,21.48,477,0
610,17.55,16.95,17.34,16.45,18.74,18.77,21.58,477,0
611,17.28,16.86,17.19,16.37,18.21,18.79,21.54,435,0
612,17.15,16.71,17.33,16.96,18.33,19.03,22.55,293,0
613,18.03,17.93,16.75,16.36,18.55,18.78,21.57,1363,0
614,18.11,16.97,16.27,15.06,18.67,18.78,21.46,2489,0
615,17.63,16.66,16.76,15.82,18.42,18.43,21.23,991,1
616,17.55,16.89,16.16,15.3,18.67,18.67,21.82,745,0
617,17.19,17.38,16.28,16.99,18.59,18.76,22.05,943,0
618,17.97,15.71,16.41,15.9,18.48,18.69,21.64,1926,0
619,17.71,17.76,16.3,16.43,18.64,19.14,21.61,923,0
620,17.94,17.58,15.41,17.32,18.39,18.92,21.85,328,0
621,18.0,15.98,16.9,11.53,18.83,18.81,21.34,461,0
622,17.92,17.44,16.6,16.72,18.45,18.68,21.38,1928,0
623,17.02,16.3,16.69,16.39,18.33,18.77,21.5,1620,0
624,17.65,16.99,17.29,16.72,18.48,18.9,20.96,1620,0
625,17.72,17.44,17.04,15.93,18.47,18.95,21.66,747,0
626,18.07,16.13,16.15,14.78,18.2,18.86,21.22,702,0
627,17.57,16.7,16.97,15.51,18.6,18.52,21.56,702,0
628,17.98,17.18,16.97,16.06,18.91,18.63,21.28,1247,0
629,17.51,17.09,16.44,15.88,18.51,18.24,22.36,1247,0
630,17.29,15.83,16.55,14.65,18.1,18.44,21.36,1611,0
631,17.71,17.23,17.15,16.8,18.77,18.83,21.06,1611,0
632,17.19,15.7,16.77,15.56,18.5,18.63,21.99,806,0
633,17.51,16.45,17.11,15.41,18.57,18.72,21.75,727,0
634,17.68,16.81,17.05,14.0,18.66,18.51,21.63,620,0
635,17.82,17.07,16.9,15.14,18.43,18.71,21.67,178,0
636,17.68,17.0,17.32,16.52,18.81,18.61,21.58,178,0
637,17.69,13.58,17.73,14.59,18.09,18.23,21.46,72,0
638,17.04,16.98,17.54,13.15,17.83,17.58,22.33,516,0
639,17.79,16.23,17.13,13.82,18.56,18.34,21.47,76,0
640,17.84,16.56,17.07,14.33,18.26,18.84,22.15,414,0
641,17.61,17.15,16.51,16.27,18.89,18.24,21.33,1121,0
642,16.82,16.62,17.34,14.23,17.78,18.55,21.32,392,0
643,17.19,16.48,17.67,15.54,18.5,18.31,20.7,1561,0
644,17.37,17.21,17.37,15.18,17.53,18.35,21.35,829,0
645,17.57,16.22,16.6,14.21,18.35,18.75,22.41,1545,0
646,17.1,16.16,17.27,16.84,18.11,19.16,21.32,170,0
647,17.93,17.87,16.54,11.97,18.75,18.57,21.35,728,0
648,17.72,17.08,16.96,16.94,18.91,18.52,21.46,759,0
649,17.2,17.09,16.2,15.13,18.35,18.85,21.37,1288,0
650,16.91,17.28,16.09,15.45,18.22,18.4,21.61,1363,0
651,18.75,17.21,16.54,16.93,18.06,19.11,21.3,701,0
652,17.71,17.07,16.28,15.19,18.28,18.6,21.56,1001,0
653,17.97,14.97,17.06,14.16,18.82,19.28,21.57,149,0
654,17.11,16.88,16.78,13.86,18.61,18.48,21.5,652,0
655,17.58,16.79,16.01,15.21,18.31,18.52,21.2,1093,0
656,17.9,16.97,16.4,15.29,17.81,18.38,21.62,612,1
657,17.65,17.44,17.06,16.24,18.68,18.42,21.26,612,1
658,17.52,17.53,16.24,16.33,18.17,18.53,21.64,2763,1
659,17.73,17.2,17.28,16.48,18.64,18.56,20.97,2763,1
660,18.02,16.61,16.41,16.17,18.21,18.77,20.91,811,1
661,17.58,16.9,16.82,16.3,18.57,18.41,21.23,811,1
662,17.67,17.3,16.31,16.43,18.59,18.49,21.38,2207,1
663,17.59,17.2,16.8,16.36,18.54,18.45,21.09,2207,1
664,17.73,17.42,17.0,15.97,18.83,18.34,21.29,1148,1
665,17.73,17.08,16.94,16.26,18.57,18.5,21.13,1148,1
666,17.87,15.64,16.87,14.38,18.87,18.72,21.45,921,1
667,18.02,17.3,16.42,16.33,18.69,18.45,21.47,921,1
668,17.76,16.69,17.2,17.35,17.93,19.01,21.09,1692,1
669,17.81,17.41,16.94,16.43,18.64,18.72,21.03,1692,1
670,17.87,15.64,16.42,16.48,19.23,18.34,21.33,1142,1
671,17.87,17.3,16.74,16.77,18.52,18.6,21.19,1142,1
672,17.96,16.73,17.01,13.66,18.69,18.87,21.52,2009,1
673,17.59,16.94,17.05,16.07,18.78,18.75,21.24,2009,1
674,18.65,16.31,15.91,17.65,20.69,19.89,22.27,224,1
675,17.77,16.71,16.55,15.61,18.47,18.62,22.12,1563,1
676,17.82,17.14,17.1,16.36,18.62,18.72,21.12,1563,1
677,19.05,17.78,15.83,15.48,19.14,18.22,21.36,1556,1
678,18.22,17.57,16.29,14.86,19.2,18.32,20.89,1556,1
679,16.29,16.2,17.73,16.17,18.1,18.11,21.96,1556,1
680,18.56,17.23,17.52,14.55,18.5,18.8,21.9,2127,1
681,17.8,17.49,16.41,16.45,18.69,18.46,21.48,2127,1
682,18.22,18.2,15.21,17.29,18.44,18.85,21.81,2798,1
683,17.73,17.26,15.58,16.48,18.46,18.68,22.21,2798,1
684,18.0,15.13,15.91,16.97,18.27,19.28,21.9,3462,1
685,17.9,16.41,16.75,15.92,18.21,19.11,21.22,3462,1
686,18.25,17.64,15.35,14.46,18.78,18.68,21.57,2520,1
687,17.96,17.24,16.55,16.35,18.41,18.74,21.04,2520,1
688,17.78,17.54,15.38,15.02,18.52,18.71,21.31,1286,1
689,18.09,17.06,16.29,16.27,18.63,18.98,21.29,1286,1
690,17.59,17.4,17.25,16.8,17.61,18.6,22.03,365,1
691,18.11,17.32,16.09,16.91,18.58,18.92,21.27,365,1
692,17.75,17.04,16.37,14.66,18.53,18.99,22.01,1694,1
693,17.83,16.82,16.14,15.85,18.46,18.92,21.12,1694,1
694,18.08,17.7,15.22,15.98,18.99,18.72,21.17,1508,1
695,18.09,17.62,15.76,15.58,19.1,18.85,22.03,538,1
696,18.18,17.1,15.96,15.26,18.39,19.39,21.1,785,1
697,17.81,17.19,16.77,16.23,18.38,18.67,21.45,785,1
698,18.53,18.2,14.77,15.63,18.0,19.34,22.02,959,1
699,17.75,17.47,16.61,16.51,18.43,18.43,21.12,959,1
700,18.71,18.07,14.55,16.2,18.13,19.3,21.92,2712,1
701,17.64,17.47,17.28,16.57,18.9,19.67,21.43,2965,1
702,18.25,17.43,15.36,16.96,18.43,18.88,21.39,2965,1
703,19.18,16.77,14.38,14.66,19.11,19.56,21.54,763,1
704,17.86,17.28,16.52,16.63,18.77,18.89,21.67,763,1
705,17.85,17.65,16.25,16.45,18.91,18.75,21.48,3669,1
706,17.81,17.17,17.09,16.64,18.78,18.69,21.3,3669,1
707,17.59,16.16,15.78,17.09,18.4,19.14,21.43,3472,1
708,17.61,17.51,16.4,16.37,18.42,18.64,21.64,3472,1
709,18.06,17.77,15.95,15.94,18.93,18.95,22.12,1009,1
710,18.02,17.25,16.1,16.35,18.54,18.64,21.72,1009,1
711,18.1,17.03,15.92,17.4,18.99,19.02,21.26,2273,1
712,17.58,17.03,16.79,19.03,18.42,18.08,21.15,2273,1
713,18.21,17.35,15.97,17.55,18.51,19.14,21.33,2273,1
714,18.16,17.16,16.39,13.69,18.77,19.09,22.23,3736,1
715,18.65,17.15,14.84,17.08,18.39,19.57,22.61,3736,1
716,17.7,17.34,16.54,16.43,18.37,18.59,20.95,1034,1
717,17.76,17.36,16.59,16.99,18.58,18.77,21.67,1034,1
718,18.22,16.49,17.0,13.56,18.3,18.59,21.49,1927,1
719,18.5,17.31,15.45,16.96,18.36,19.32,21.65,1927,1
720,17.71,17.22,16.45,15.3,18.47,18.68,21.36,1673,1
721,18.73,17.08,14.59,17.63,17.91,19.58,22.01,1388,1
722,17.86,17.35,16.65,16.61,18.56,18.72,21.17,1388,1
723,18.42,15.86,15.98,18.63,18.82,18.59,21.2,2192,1
724,17.6,17.29,15.91,16.49,18.53,18.97,21.77,2192,1
725,17.97,15.8,16.8,16.65,18.97,18.65,21.34,1642,1
726,17.67,17.06,16.58,16.55,18.81,18.73,21.4,1642,1
727,17.91,16.97,17.18,15.35,18.97,18.82,21.33,1688,1
728,17.69,17.12,17.01,16.17,18.71,18.55,20.98,1688,1
729,18.12,16.36,16.84,15.08,18.7,18.88,21.51,856,0
730,17.59,17.49,16.4,16.35,18.72,18.35,21.61,795,0
731,18.41,15.88,17.04,16.99,18.42,18.28,22.29,1174,1
732,18.15,17.11,16.15,16.41,18.65,18.84,21.38,1174,1
733,18.79,15.2,15.11,18.05,18.9,19.15,21.47,2534,1
734,18.01,17.36,15.83,16.65,18.56,18.41,21.75,2534,1
735,18.18,17.21,16.39,17.0,18.56,18.73,21.52,1759,1
736,17.98,17.13,17.15,17.1,18.67,18.88,21.2,1759,1
737,18.12,17.43,15.25,17.62,18.47,19.13,22.02,3959,1
738,18.01,17.16,15.95,16.62,18.65,18.76,21.43,3959,1
739,17.23,17.06,17.6,16.25,18.5,18.41,21.24,1120,0
740,17.97,17.34,16.85,15.35,18.98,18.54,21.15,1119,0
741,16.95,16.49,17.41,17.29,18.48,18.42,21.7,612,0
742,17.1,15.2,16.76,15.2,18.67,18.32,21.04,320,1
743,16.49,16.65,18.15,15.18,18.01,18.19,22.04,3364,0
744,16.91,16.56,17.83,16.13,18.35,18.03,21.6,635,0
745,17.66,17.31,16.98,17.86,19.22,18.5,20.94,567,0
746,16.36,16.75,17.44,14.0,18.08,18.14,22.69,715,0
747,17.11,16.05,16.58,13.36,18.38,17.89,21.49,293,0
748,17.33,17.13,16.5,17.21,18.97,18.69,21.36,160,0
749,16.8,16.73,18.14,12.8,18.03,18.02,21.78,295,1
750,17.43,17.0,17.59,15.19,18.5,18.71,21.42,574,0
751,17.11,16.94,17.4,15.81,18.65,18.53,21.3,662,0
752,17.65,17.61,17.8,15.51,18.75,18.44,21.61,287,0
753,18.95,16.31,16.41,16.75,18.31,19.26,21.05,363,0
754,17.81,17.28,15.98,16.93,18.61,19.37,21.71,358,0
755,17.38,17.22,16.39,16.24,18.31,18.52,21.82,358,0
756,18.18,18.24,16.93,15.58,19.13,18.94,21.69,385,0
757,18.01,18.08,17.33,14.89,18.49,18.68,21.21,358,0
758,18.05,16.99,17.28,16.9,18.97,18.84,21.71,385,1
759,17.21,16.09,15.61,16.24,17.75,18.53,22.28,385,0
760,17.44,16.21,17.29,13.89,18.04,19.35,21.33,385,0
761,17.41,17.2,17.95,15.21,18.92,18.77,21.48,385,0
762,16.88,15.03,17.04,13.61,18.68,18.45,22.37,385,0
763,17.27,15.3,16.57,13.74,17.92,18.26,21.82,1476,0
764,18.34,17.14,16.27,15.35,19.67,18.52,21.52,382,0
765,17.15,17.15,17.41,16.12,17.34,18.38,21.6,370,0
766,17.57,17.48,17.58,16.13,18.81,19.01,21.74,411,0
767,17.54,16.87,15.65,16.5,18.82,18.45,21.43,383,0
768,18.33,16.85,16.7,14.63,18.16,18.45,21.44,383,0
769,17.81,15.76,17.54,16.43,18.45,18.58,21.47,393,0
770,18.33,16.59,17.5,15.78,18.81,18.85,22.65,379,0
771,17.02,17.07,16.39,15.6,17.82,18.71,21.7,380,0
772,17.89,16.99,16.86,13.8,18.86,18.82,21.69,375,0
773,16.83,16.23,17.67,16.18,18.17,18.59,21.96,332,0
774,17.38,15.76,17.13,16.06,17.6,18.6,22.25,345,0
775,17.79,18.12,16.58,16.15,18.22,18.31,21.88,343,0
776,18.52,16.77,16.7,18.19,17.68,19.13,21.41,5,0
777,17.73,15.55,16.54,16.15,18.55,18.81,21.13,366,0
778,17.81,17.71,15.59,15.32,18.71,18.82,21.93,317,0
779,17.5,17.06,14.61,15.65,18.46,18.76,21.34,375,0
780,17.84,17.16,16.47,16.86,18.13,18.84,21.6,394,0
781,17.72,16.29,16.77,15.1,17.81,18.96,21.51,375,0
782,18.25,15.45,17.06,17.23,18.79,18.81,20.86,616,0
783,18.07,17.49,16.4,14.65,18.49,18.83,20.8,381,0
784,17.7,16.84,16.37,16.12,19.1,18.76,22.04,376,0
785,18.32,16.39,15.96,14.21,18.38,18.75,21.51,394,0
786,17.47,17.38,15.92,15.22,19.0,18.98,21.53,470,0
787,18.07,16.22,17.11,14.19,18.52,18.85,21.51,513,0
788,18.56,17.2,16.28,13.4,18.35,19.19,21.02,508,0
789,18.05,17.38,16.32,16.15,18.79,18.91,21.41,1,0
790,17.53,16.39,16.16,17.85,18.57,18.69,21.81,297,0
791,18.06,18.01,15.77,17.39,19.44,18.84,21.51,747,0
792,18.33,16.62,16.61,14.82,19.38,19.25,20.88,439,0
793,17.54,17.25,17.38,15.02,18.24,18.76,21.61,1034,1
794,17.82,16.08,17.19,14.48,18.46,18.44,21.15,394,0
795,17.33,16.26,16.71,16.88,18.7,18.55,21.18,396,0
796,17.74,16.27,17.3,16.22,18.95,18.73,21.83,380,0
797,17.21,17.03,17.32,16.05,18.38,18.51,21.74,408,0
798,16.81,19.57,15.27,16.58,17.85,17.7,21.89,1728,0
799,17.43,16.31,15.97,17.17,18.68,18.97,21.07,635,0
800,17.78,16.19,16.43,13.27,18.22,18.41,20.72,403,0
801,17.51,17.11,16.9,16.03,18.76,18.57,21.19,626,0
802,17.65,17.26,16.92,16.79,18.56,19.96,21.64,425,0
803,17.36,16.53,16.6,16.91,18.71,17.97,21.27,431,0
804,17.63,16.85,16.67,15.06,18.58,18.47,21.0,410,0
805,17.5,17.05,16.52,14.99,18.39,18.27,21.22,643,0
806,18.91,17.09,16.91,16.58,19.06,19.12,20.44,584,0
807,18.46,16.22,14.78,15.52,18.1,19.12,21.26,431,0
808,18.14,16.89,16.33,14.2,18.51,18.85,20.85,532,0
809,18.62,18.68,14.91,17.49,19.11,18.91,21.79,502,0
810,17.7,16.51,16.38,15.12,18.52,19.11,21.58,1688,0
811,18.45,17.44,16.57,16.18,18.9,18.78,21.27,480,0
812,18.08,17.11,16.37,16.39,19.65,18.79,21.0,552,0
813,18.35,16.88,15.89,14.89,18.1,18.55,21.59,575,0
814,18.74,17.15,16.34,16.15,18.54,19.49,21.5,366,0
815,17.97,16.04,15.78,16.49,18.48,18.33,20.61,1612,0
816,17.91,16.87,16.57,15.99,18.97,18.75,21.24,426,0
817,17.44,16.37,16.65,12.03,18.16,18.41,22.14,577,0
818,18.25,16.89,16.12,16.99,18.67,18.95,21.12,611,0
819,18.43,16.85,16.51,17.08,18.94,19.03,21.38,612,0
820,18.31,16.76,16.2,17.17,19.63,19.06,21.69,611,0
821,18.71,17.27,15.52,17.36,19.22,19.09,20.89,590,0
822,17.9,16.9,17.04,12.05,18.5,18.83,22.47,620,0
823,17.72,17.2,16.53,18.23,18.08,18.72,21.45,639,0
824,17.02,16.9,17.97,11.8,18.85,18.25,22.46,371,0
825,18.27,17.36,15.6,16.44,17.76,18.91,21.88,405,0
826,18.05,17.7,16.25,16.22,18.59,18.6,21.74,447,0
827,18.44,16.78,15.56,13.72,18.75,19.16,20.78,565,0
828,17.29,17.69,16.76,15.37,18.52,18.26,21.49,541,0
829,18.48,17.18,16.18,14.25,18.71,18.42,21.12,509,0
830,17.92,17.0,16.64,14.53,19.07,18.58,21.72,783,0
831,18.02,16.93,15.83,15.4,18.61,18.86,21.73,727,0
832,17.42,15.82,16.5,13.35,18.54,18.63,21.69,839,0
833,17.63,17.39,17.05,16.1,18.39,18.29,21.05,552,0
834,18.05,16.25,16.8,16.26,18.62,18.53,20.93,377,1
835,18.05,15.59,16.21,15.77,19.12,18.52,21.39,522,0
836,18.08,14.85,17.13,14.4,18.54,19.5,21.19,463,0
837,18.36,16.17,16.83,16.2,18.64,18.67,20.95,448,0
838,18.2,17.35,16.37,14.55,20.59,18.46,21.61,663,0
839,18.47,15.88,16.18,17.44,17.52,18.51,22.29,441,0
840,16.67,14.46,17.71,16.9,17.73,18.35,21.52,606,0
841,18.04,17.17,16.2,16.02,18.88,18.86,21.54,538,0
842,18.13,17.33,15.8,16.52,18.26,18.89,21.81,1682,0
843,17.8,16.87,17.23,16.14,18.29,19.01,21.58,499,0
844,17.52,18.09,17.09,13.78,18.13,18.43,21.03,482,0
845,18.25,17.65,16.69,16.53,18.56,18.9,21.2,496,0
846,18.39,17.05,16.26,15.83,18.25,19.13,20.98,506,0
847,18.35,16.22,15.68,14.66,18.36,19.72,21.43,395,0
848,18.14,16.26,16.82,16.75,18.36,18.59,21.48,461,0
849,18.34,16.85,17.3,15.83,19.18,20.05,21.5,1309,0
850,17.8,17.56,16.75,15.94,18.23,18.63,21.14,503,0
851,17.86,16.21,17.5,16.9,18.61,18.51,21.39,466,0
852,17.66,16.9,15.89,14.45,18.62,18.64,21.23,472,0
853,17.33,17.41,16.29,17.11,18.38,18.62,21.45,302,1
854,17.11,16.97,15.49,16.35,19.07,18.91,22.28,433,0
855,16.28,15.5,16.85,16.52,18.9,18.51,22.94,430,0
856,18.11,15.87,16.84,15.44,18.64,18.62,21.29,530,0
857,17.53,15.43,17.61,15.35,18.4,19.51,21.58,488,0
858,18.02,16.04,16.69,15.72,19.01,18.5,21.55,409,0
859,18.51,16.68,17.54,15.26,18.96,18.96,21.63,397,0
860,17.48,16.99,16.24,15.64,18.67,18.52,21.48,439,0
861,18.02,17.58,16.49,17.03,19.09,18.79,21.19,1461,0
862,17.56,18.05,15.98,16.02,18.65,18.54,21.39,499,0
863,18.69,16.77,17.46,15.56,18.61,19.38,20.72,410,0
864,17.73,16.03,16.99,15.93,18.7,18.77,21.49,519,0
865,17.84,16.47,16.85,15.23,19.37,18.54,21.39,49,0
866,17.48,16.32,17.26,15.71,19.25,19.09,22.24,307,0
867,17.43,17.95,16.4,16.36,18.65,18.54,21.69,398,0
868,17.79,17.31,16.51,14.89,18.5,18.6,21.41,381,0
869,17.96,16.77,17.45,14.89,19.08,18.64,21.28,373,0
870,16.69,16.58,17.64,15.73,18.53,18.12,21.3,1015,0
871,16.9,16.44,17.67,14.59,18.46,18.51,21.4,563,0
872,17.23,17.0,17.77,15.94,18.54,18.49,21.18,659,0
873,16.9,17.44,17.12,14.76,18.34,18.51,21.28,492,0
874,17.85,17.1,17.47,15.35,18.57,18.61,21.08,385,1
875,17.34,16.97,16.96,16.2,17.96,18.47,21.71,767,0
876,17.53,14.47,16.29,16.82,18.23,17.66,21.31,1308,0
877,17.73,16.47,16.68,14.89,18.99,18.56,21.86,2541,0
878,17.54,17.78,16.8,13.6,18.43,18.52,21.56,1047,0
879,17.2,17.54,16.28,16.16,18.92,18.69,21.51,837,0
880,17.43,15.81,17.06,15.66,18.62,18.43,21.2,1417,0
881,17.71,16.87,16.2,16.98,19.18,18.53,21.19,1229,0
882,17.46,16.02,16.25,14.21,18.32,18.34,21.27,1141,0
883,17.08,17.54,16.68,16.45,17.72,18.61,21.26,1220,0
884,17.86,17.14,16.78,14.32,18.85,18.58,21.49,865,0
885,17.98,17.49,16.14,14.71,18.33,18.55,21.4,878,0
886,18.44,15.39,16.1,18.44,18.22,19.64,22.66,1434,0
887,16.72,15.36,16.95,16.46,17.49,18.65,22.46,1359,0
888,18.13,18.16,16.32,13.68,18.93,19.25,21.26,1246,0
889,17.55,17.56,16.53,15.07,18.43,18.47,21.73,1163,0
890,17.56,15.93,17.86,15.64,18.24,18.8,22.76,1174,0
891,17.76,16.27,16.68,14.42,19.03,18.15,21.51,2311,0
892,17.0,16.49,18.0,15.77,18.46,18.33,21.52,1318,0
893,17.95,16.14,15.6,17.73,18.52,18.13,20.62,1042,0
894,17.97,17.01,16.24,17.51,18.16,18.67,21.74,974,0
895,17.46,16.5,17.32,18.23,18.62,19.29,21.63,972,0
896,18.28,17.05,16.53,17.14,18.49,18.92,21.62,2109,0
897,17.38,17.01,16.82,17.73,18.51,18.9,21.95,563,1
898,18.68,15.91,16.35,14.15,18.57,20.38,21.27,1935,0
899,17.8,16.13,19.16,14.59,18.25,19.11,21.1,2128,0
900,17.97,17.38,16.42,15.83,18.6,18.61,21.54,707,0
901,17.55,16.56,17.32,16.61,19.03,18.75,20.88,707,0
902,17.92,17.58,16.68,16.85,18.46,18.79,21.52,591,0
903,18.68,14.41,16.96,12.82,18.74,18.8,21.42,640,0
904,17.56,17.22,16.92,16.24,18.82,18.48,21.42,726,0
905,18.08,15.73,17.37,17.61,19.05,18.93,22.35,450,0
906,17.96,17.46,16.27,16.57,18.69,18.29,21.49,450,0
907,17.52,16.64,16.73,16.81,18.53,19.7,21.41,762,0
908,18.18,16.62,15.82,14.25,19.06,18.94,21.05,710,0
909,17.96,16.76,16.21,14.39,19.15,18.6,21.08,710,0
910,17.72,17.57,15.89,14.65,18.54,18.65,21.42,694,0
911,17.62,18.18,16.83,16.26,18.88,18.52,21.17,526,0
912,17.51,18.41,16.86,16.42,18.76,18.64,21.61,630,0
913,16.89,18.45,16.35,15.85,18.9,18.89,22.07,630,0
914,18.24,14.91,16.05,15.59,18.94,18.51,21.58,658,0
915,17.46,16.82,16.73,15.49,18.36,18.67,21.45,554,0
916,17.41,15.91,16.54,16.43,18.63,18.74,21.43,393,0
917,17.31,16.4,16.18,15.27,18.27,18.53,21.1,1692,0
918,18.09,17.67,15.49,17.01,18.38,18.56,21.81,1692,0
919,17.7,16.24,17.32,15.8,18.51,18.54,21.25,1640,0
920,16.99,16.73,17.03,13.69,18.42,18.41,21.38,275,0
921,17.03,16.17,17.08,11.05,18.35,18.37,21.29,275,0
922,16.89,16.85,17.35,15.95,18.35,18.11,21.95,275,0
923,17.78,18.03,17.12,14.15,18.4,18.46,21.88,626,0
924,17.75,17.02,15.48,15.74,18.59,19.21,21.31,336,1
925,17.97,17.0,16.32,16.83,18.68,18.72,21.35,336,1
926,17.21,17.32,15.8,17.03,18.29,18.28,21.23,1545,0
927,17.99,17.22,15.82,15.27,18.89,18.88,21.43,595,0
928,18.25,14.94,16.65,16.12,18.42,17.71,20.92,1732,0
929,17.45,16.74,17.83,17.12,18.35,17.93,21.67,428,0
930,17.97,17.28,16.03,14.26,19.15,18.55,21.13,1563,0
931,18.47,15.92,15.73,17.34,18.21,19.2,21.39,2329,0
932,18.14,17.31,16.01,15.12,18.98,18.86,22.35,1631,0
933,18.26,17.39,15.69,16.16,18.78,19.08,21.23,2653,0
934,16.74,16.08,17.54,14.49,18.04,18.16,21.74,1004,1
935,16.74,16.64,15.77,14.58,17.57,18.75,21.81,984,0
936,16.92,15.27,16.83,16.88,17.14,18.66,22.3,867,0
937,18.11,17.47,16.77,15.36,18.43,18.64,21.36,501,0
938,17.82,17.23,17.01,16.89,18.46,18.26,22.01,501,0
939,17.13,16.27,16.38,16.46,18.09,18.33,21.74,1133,0
940,17.87,15.09,17.54,13.34,18.87,18.62,21.59,2362,0
941,16.85,16.7,16.85,15.47,17.5,17.98,21.67,1138,0
942,17.75,16.43,17.27,16.02,18.54,18.62,21.33,2140,0
943,17.82,17.36,16.83,16.44,18.73,18.42,21.22,2140,0
944,17.93,17.16,14.81,16.34,18.49,19.06,22.14,1026,0
945,16.97,15.94,16.57,17.98,18.27,18.67,20.7,1025,0
946,17.46,17.37,16.12,15.33,18.72,18.53,21.41,865,0
947,17.42,15.36,17.2,14.79,18.39,18.57,21.62,1800,0
948,17.61,17.19,15.84,14.09,18.58,18.4,21.38,118,0
949,17.42,17.21,16.54,16.42,18.58,18.44,21.65,675,0
950,17.68,17.22,16.84,15.66,18.21,18.44,20.53,1855,0
951,17.94,17.09,16.98,14.39,18.65,18.48,21.25,337,0
952,17.62,16.94,16.78,15.25,18.72,18.56,21.54,1648,0
953,17.28,16.47,16.94,17.98,17.82,18.51,21.49,1836,0
954,17.48,16.76,17.35,16.28,18.73,18.56,21.15,1836,0
955,17.94,17.74,15.67,16.38,17.69,18.96,21.97,2240,0
956,17.81,18.14,16.1,15.97,18.76,18.8,21.53,598,0
957,16.96,18.47,16.95,16.14,18.69,18.54,20.57,748,0
958,17.55,17.17,17.54,16.17,18.37,18.51,21.38,2306,0
959,17.62,17.15,17.3,17.18,18.8,18.64,21.2,2306,0
960,17.34,15.92,16.4,15.01,18.92,18.51,22.73,879,1
961,18.19,17.47,16.43,15.78,18.1,18.69,21.5,1523,0
962,16.89,17.17,17.86,14.95,19.38,19.71,21.31,3247,0
963,17.63,16.85,17.1,16.23,18.76,18.66,21.28,3247,0
964,18.26,17.22,17.66,17.54,17.95,21.02,21.75,3121,0
965,18.21,16.74,17.12,16.5,18.98,20.54,21.72,266,1
966,18.18,16.91,16.45,17.77,18.53,18.98,21.11,1309,0
967,18.2,15.97,16.97,13.0,18.5,19.49,22.23,1604,0
968,18.18,17.43,15.7,16.06,18.54,18.33,21.76,1604,0
969,16.75,15.76,16.63,18.15,17.86,18.39,21.76,821,1
970,17.19,17.38,18.03,13.46,18.28,18.15,21.25,1051,0
971,17.73,17.44,17.11,16.02,18.65,18.42,20.88,1325,0
972,17.44,16.22,17.62,15.4,17.96,18.45,21.36,252,0
973,17.4,17.59,17.62,16.66,18.21,18.27,21.53,931,0
974,16.22,14.48,18.68,16.43,17.57,17.49,22.65,1208,0
975,17.59,15.75,16.94,16.87,18.07,19.95,22.03,1062,0
976,16.87,16.0,17.75,17.53,18.18,19.04,21.72,1179,0
977,16.3,14.39,17.44,15.48,17.18,18.09,22.06,1043,0
978,16.87,16.14,16.94,14.78,18.42,18.02,22.87,538,0
979,18.03,16.58,16.55,16.85,18.51,18.27,21.26,1059,0
980,17.01,17.08,16.88,14.83,19.09,19.28,21.18,1000,0
981,17.9,17.05,17.02,16.37,18.64,18.98,21.06,1000,0
982,17.54,17.03,16.7,15.57,18.69,18.4,21.34,1120,0
983,17.63,17.05,17.23,17.46,18.94,18.63,21.04,1120,0
984,17.95,15.9,17.16,17.29,18.75,18.73,20.88,678,1
985,17.59,17.21,17.1,16.55,18.61,18.68,21.16,678,1
986,17.95,16.38,16.76,17.99,18.3,18.53,21.28,1039,0
987,18.13,16.41,16.56,17.95,18.14,19.08,21.39,1101,0
988,17.75,17.07,17.32,16.19,18.86,18.57,20.93,1101,0
989,17.91,15.93,16.02,14.46,17.97,19.01,21.5,1112,0
990,17.76,17.38,16.49,16.24,18.89,18.53,21.24,1112,0
991,17.88,16.8,18.23,15.18,18.38,19.14,21.67,1203,0
992,18.2,15.95,17.09,16.57,18.7,18.37,21.38,1266,0
993,16.71,16.95,17.11,16.13,18.85,18.44,21.79,1266,0
994,18.07,16.12,15.87,15.4,18.71,19.04,21.37,1088,0
995,18.22,19.36,16.63,16.15,18.09,18.39,21.13,1072,1
996,18.02,17.81,16.09,16.54,19.06,18.64,21.27,1072,1
997,18.12,17.69,15.74,15.8,18.91,18.8,21.67,786,1
998,18.08,17.61,16.11,16.24,18.78,18.67,21.48,786,1
999,17.81,17.85,16.62,16.49,18.67,18.58,21.59,576,0
1000,17.23,17.8,16.32,16.34,18.24,18.34,21.68,300,0
1001,17.53,16.09,16.46,14.79,18.04,18.37,21.47,755,0
1002,17.33,17.46,16.78,14.44,18.51,18.31,21.58,860,0
1003,17.67,15.17,16.3,13.86,18.56,18.49,21.78,1063,0
1004,17.95,17.4,15.98,15.05,18.67,18.73,21.27,78,0
1005,17.82,17.51,15.77,15.27,18.47,18.65,21.44,186,0
1006,18.21,18.55,16.81,14.36,18.51,18.68,21.48,92,0
1007,17.6,14.88,16.77,15.89,18.64,18.28,21.53,339,0
1008,18.44,16.39,16.82,13.97,17.94,19.24,21.39,1467,0
1009,18.3,17.66,15.68,16.28,18.71,18.65,21.5,1467,0
1010,17.37,18.49,17.03,16.62,19.0,18.62,21.54,1369,0
1011,17.59,17.39,15.65,16.8,18.18,18.69,22.06,976,1
1012,18.13,17.48,15.8,16.97,18.7,18.7,21.68,976,1
1013,18.12,19.05,15.45,16.1,17.9,18.59,21.85,1224,0
1014,18.15,17.58,15.85,15.92,18.82,18.27,21.82,1224,0
1015,17.88,17.17,15.82,14.76,18.46,18.46,21.68,34,0
1016,18.05,17.68,16.01,16.31,18.62,18.52,21.78,34,0
1017,17.45,16.4,16.76,16.65,18.33,18.56,21.27,1419,0
1018,17.55,17.98,17.02,18.68,18.17,18.7,21.93,200,0
1019,18.47,17.7,14.84,16.61,18.69,18.7,21.86,200,0
1020,17.41,16.48,17.54,13.82,17.9,17.95,21.9,647,0
1021,18.28,17.39,15.43,17.54,18.01,19.16,21.12,1417,0
1022,17.82,17.56,15.91,16.54,18.7,18.43,21.78,1417,0
1023,17.86,17.79,15.94,16.49,18.49,18.76,21.52,1449,0
1024,18.61,17.83,14.72,16.67,18.69,18.66,22.05,1449,0
1025,18.22,17.2,16.33,16.85,18.12,18.72,20.36,1048,1
1026,17.52,17.15,17.25,14.49,18.43,18.67,21.91,975,0
1027,17.09,15.9,17.2,16.23,18.7,18.62,21.61,1285,0
1028,17.86,17.09,16.12,15.61,18.67,18.9,21.43,1148,0
1029,17.93,15.95,15.42,16.23,18.38,18.89,21.84,1189,0
1030,18.04,15.25,17.18,16.49,18.27,18.73,22.05,1167,0
1031,16.87,16.25,17.43,16.68,18.26,18.58,21.78,1248,0
1032,17.8,17.09,15.97,16.24,18.23,18.62,22.17,1269,0
1033,16.73,15.53,17.33,17.63,17.94,18.82,23.25,1239,0
1034,18.01,17.12,15.02,14.35,18.73,18.48,21.85,1232,0
1035,17.48,17.79,15.31,15.38,18.36,19.31,21.52,612,0
1036,18.18,16.53,16.25,17.84,18.47,19.7,21.36,21,0
1037,17.66,16.59,17.52,15.57,18.12,18.16,21.54,26,1
1038,17.24,16.39,16.32,16.15,18.19,18.66,21.71,1186,0
1039,17.95,16.79,15.58,17.14,18.46,19.5,21.5,59,0
1040,17.62,17.69,15.69,17.23,18.37,18.73,21.75,217,0
1041,18.12,17.7,15.63,15.16,18.49,18.87,21.35,747,0
1042,17.38,16.08,17.05,15.15,17.8,18.47,21.27,375,0
1043,17.66,15.35,16.52,16.33,19.01,18.4,21.35,904,1
1044,16.47,16.12,16.65,15.2,17.91,18.8,21.2,288,0
1045,15.85,16.59,16.65,17.77,17.6,18.34,21.46,1158,0
1046,17.6,17.06,17.09,13.37,18.37,18.26,21.56,1001,0
1047,17.71,16.09,17.78,15.67,18.29,19.4,21.13,918,0
1048,15.67,16.17,17.96,15.22,17.59,17.81,22.71,926,0
1049,17.39,16.83,16.6,16.3,18.73,18.46,21.95,727,0
1050,16.3,16.81,17.7,14.28,17.58,17.62,21.62,725,0
1051,16.09,16.21,16.84,15.59,18.14,17.9,22.04,812,0
1052,17.51,16.46,16.2,17.01,17.7,18.24,21.36,24,0
1053,17.68,17.42,16.86,14.94,19.1,18.21,21.71,785,0
1054,17.36,17.16,17.76,16.17,18.19,18.67,21.49,803,0
1055,16.68,16.98,17.13,16.04,18.35,17.8,22.45,847,0
1056,18.27,17.52,16.08,16.31,18.91,18.76,21.62,371,0
1057,17.64,16.84,16.01,15.12,18.79,18.53,21.22,1208,0
1058,18.69,17.65,15.28,16.83,18.52,19.16,21.55,258,0
1059,16.9,16.4,17.41,13.56,18.42,18.56,21.57,554,0
1060,17.58,16.3,16.21,14.89,18.72,18.87,21.59,575,0
1061,17.91,17.22,16.34,15.91,18.85,18.76,21.29,403,0
1062,17.79,16.51,16.36,17.23,18.42,18.77,21.63,504,0
1063,17.87,16.97,16.76,14.02,18.39,18.48,21.02,477,0
1064,16.97,17.34,15.8,16.7,17.48,19.57,21.32,875,0
1065,16.92,16.16,17.37,15.13,18.25,18.99,21.07,789,0
1066,17.89,17.43,16.7,17.91,18.06,18.81,20.87,694,0
1067,18.05,16.98,16.54,16.68,18.44,18.52,21.49,911,0
1068,17.44,16.4,16.54,16.78,18.85,18.41,22.02,908,0
1069,17.52,16.05,17.4,16.62,18.54,18.59,22.34,1229,0
1070,18.01,18.16,16.65,13.98,20.47,18.95,21.64,1251,0
1071,17.94,17.41,16.32,16.58,18.71,18.88,21.32,1210,0
1072,17.19,17.51,16.16,14.54,18.32,18.12,21.5,1611,0
1073,17.88,17.76,16.83,17.47,18.46,18.53,20.85,907,0
1074,17.35,15.92,16.7,15.73,18.47,18.03,21.33,703,0
1075,17.49,17.7,15.76,16.3,18.61,18.76,21.61,562,0
1076,17.89,16.29,17.25,15.86,18.17,18.74,21.75,915,0
1077,17.17,16.78,16.6,18.02,18.89,18.78,22.07,239,1
1078,17.82,15.3,15.79,15.58,18.42,18.04,21.57,575,0
1079,18.5,16.11,16.87,14.79,17.96,18.97,21.11,608,0
1080,17.15,16.55,16.5,17.07,17.48,18.39,21.53,187,0
1081,17.73,16.21,17.09,16.14,18.97,18.63,21.14,424,0
1082,17.41,17.17,17.01,15.06,18.37,18.64,21.07,320,0
1083,17.92,17.5,16.45,16.54,19.16,18.52,21.54,439,0
1084,18.3,17.15,16.38,17.0,19.01,18.81,21.33,1051,0
1085,17.71,16.52,16.48,17.37,18.49,19.54,22.09,607,0
1086,17.87,17.35,15.75,17.03,18.75,18.79,21.36,1673,0
1087,17.37,16.79,17.16,15.05,17.7,18.84,21.19,1604,0
1088,17.59,16.61,16.23,16.22,18.67,18.8,21.44,788,0
1089,17.21,16.6,17.88,14.7,18.55,18.49,21.91,672,0
1090,16.73,15.26,17.85,14.95,17.9,18.17,21.01,1035,0
1091,16.91,17.12,17.35,17.21,18.18,18.3,21.42,532,0
1092,15.84,16.3,18.49,15.99,18.04,18.23,20.84,533,0
1093,17.19,16.26,16.89,17.19,17.8,18.26,21.97,715,0
1094,17.66,18.35,16.22,19.22,18.79,18.42,21.73,463,0
1095,17.27,16.11,17.49,16.76,17.7,19.08,20.77,510,0
1096,17.3,15.63,17.29,16.51,17.97,19.35,21.83,760,0
1097,17.68,16.66,16.42,17.05,18.46,18.37,21.3,952,0
1098,17.81,17.74,16.42,17.96,18.79,18.8,21.65,1010,0
1099,18.01,18.03,15.88,14.92,18.4,18.52,20.78,225,0
1100,18.45,16.88,16.56,13.96,17.55,18.18,21.16,225,0
1101,18.72,16.76,17.22,16.5,17.59,19.26,21.28,3342,0
1102,17.69,17.34,17.02,17.01,18.41,18.73,21.3,3342,0
1103,17.2,16.85,17.43,14.07,18.12,18.26,21.64,1812,1
1104,16.91,16.83,16.47,15.42,18.03,18.55,21.26,6593,1
1105,17.69,16.55,16.74,17.24,17.96,18.36,20.97,2406,0
1106,17.44,15.05,16.32,13.36,17.91,18.75,21.66,2535,0
1107,17.02,17.45,17.43,16.18,18.16,18.45,21.25,2282,0
1108,17.07,17.35,17.2,16.21,18.14,19.44,22.01,2155,0
1109,17.67,16.99,15.61,17.67,17.09,18.75,21.45,2193,0
1110,17.43,17.4,16.63,15.81,18.79,18.77,21.37,2590,0
1111,17.52,17.1,16.69,16.32,18.62,18.56,21.65,2645,0
1112,17.78,17.87,16.57,14.86,18.76,18.71,21.87,3519,0
1113,17.84,16.12,17.02,16.7,18.61,18.82,21.55,3226,0
1114,17.52,17.33,16.88,15.09,18.49,18.82,21.39,3091,0
1115,16.33,15.25,17.54,14.1,17.74,18.52,21.17,2596,0
1116,17.15,14.76,18.28,13.67,18.57,18.21,21.63,3361,0
1117,16.92,17.6,16.34,14.82,18.27,18.62,21.21,1162,0
1118,16.95,16.03,18.1,16.51,18.33,18.36,22.04,1330,0
1119,17.39,15.21,18.05,16.96,17.89,18.49,22.65,2108,0
1120,16.87,17.89,16.87,15.56,18.46,18.35,21.55,2019,0
1121,16.79,17.09,17.07,16.33,18.32,18.36,21.66,2191,0
1122,16.99,16.69,17.62,15.74,18.32,18.45,22.04,412,0
1123,17.12,16.65,17.52,14.98,18.01,18.51,22.12,551,0
1124,16.2,15.8,16.88,18.55,17.4,17.65,20.75,79,0
1125,17.38,17.14,17.44,16.92,18.76,18.38,21.31,1900,1
1126,17.89,16.93,17.89,16.62,18.45,19.33,21.57,360,0
1127,16.34,17.06,17.47,17.5,18.57,17.77,21.55,352,0
1128,16.16,16.9,17.71,14.95,18.17,18.0,22.05,646,0
1129,16.73,16.95,17.87,15.56,18.65,18.26,21.74,402,0
1130,17.23,16.3,17.02,15.08,18.39,18.4,21.41,404,0
1131,17.05,17.35,16.72,15.5,19.1,18.63,21.55,323,0
1132,16.96,16.9,17.26,16.43,18.6,18.34,21.03,759,0
1133,17.26,15.65,16.94,15.04,18.0,18.98,20.84,996,0
1134,17.76,17.34,17.22,12.11,18.72,18.15,20.88,889,0
1135,16.31,15.88,18.41,12.73,18.19,18.17,22.38,762,0
1136,17.04,17.0,18.15,13.98,18.38,18.48,21.65,519,0
1137,16.44,16.97,18.76,14.28,18.27,18.31,22.92,466,0
1138,16.03,15.94,16.97,15.44,17.99,18.15,22.1,447,0
1139,16.83,16.48,17.32,15.35,18.0,18.63,21.81,440,0
1140,17.35,16.94,18.17,16.78,18.7,18.65,22.54,450,0
1141,16.04,15.98,17.24,13.09,17.63,17.24,21.99,677,0
1142,16.13,16.19,17.84,12.4,18.05,17.95,22.54,80,0
1143,16.09,16.94,18.9,15.74,17.67,18.12,23.44,489,0
1144,18.27,16.23,17.06,16.13,18.02,18.89,20.96,477,0
1145,17.5,16.85,17.58,15.93,18.52,18.85,21.94,227,1
1146,17.78,17.49,17.83,15.43,19.11,18.84,21.67,441,0
1147,15.4,16.72,18.83,15.4,17.72,17.95,22.21,594,0
1148,16.77,14.86,16.56,17.26,18.61,18.06,21.72,376,0
1149,17.62,16.08,17.59,15.31,17.19,18.65,22.97,596,0
1150,16.59,14.83,17.94,13.49,18.61,18.06,22.06,532,0
1151,17.22,16.77,16.94,13.74,18.83,18.19,21.18,849,0
1152,17.58,16.51,17.47,16.11,18.48,18.5,21.23,681,0
1153,17.24,16.86,17.37,15.18,18.73,18.36,21.44,64,0
1154,17.52,17.25,18.12,16.39,19.05,18.33,21.49,1104,1
1155,16.69,15.68,17.71,17.55,18.15,18.46,21.49,1780,0
1156,16.37,16.3,17.79,17.18,17.92,18.21,21.42,973,0
1157,17.22,14.83,17.72,19.02,18.48,17.75,21.46,1783,0
1158,17.2,16.67,17.84,15.45,18.44,18.55,21.39,1219,0
1159,17.42,17.62,17.65,16.12,19.04,18.32,20.96,1062,0
1160,16.97,15.91,17.62,16.47,18.23,18.4,21.74,1106,0
1161,17.35,17.07,17.58,16.12,18.51,18.57,21.4,878,0
1162,17.52,16.31,17.48,15.86,18.49,18.79,21.7,752,0
1163,17.27,15.5,17.61,16.57,18.75,18.79,21.91,679,0
1164,16.88,16.41,17.89,16.12,18.04,19.51,22.02,620,0
1165,17.28,15.79,16.65,15.72,18.51,19.12,21.27,714,0
1166,17.17,16.32,17.43,15.15,18.45,18.42,21.67,1996,0
1167,17.43,16.7,16.97,14.59,18.16,18.58,21.1,1275,1
1168,15.97,16.57,17.75,13.79,18.28,17.78,22.63,1301,0
1169,16.66,16.86,18.38,13.98,18.35,18.1,22.15,792,0
1170,16.08,14.26,18.27,15.02,18.3,18.17,22.43,528,0
1171,16.91,16.86,17.79,14.71,17.68,18.06,21.84,428,0
1172,17.19,16.91,17.38,17.36,19.25,18.03,21.61,858,0
1173,17.48,17.16,16.79,15.56,18.87,18.46,21.37,600,0
1174,17.05,16.45,18.02,15.82,18.54,18.28,21.71,1220,0
1175,17.23,16.88,17.11,17.38,18.0,18.19,21.77,271,0
1176,17.0,16.89,17.05,14.14,18.52,18.29,22.27,1430,1
1177,16.5,16.24,17.24,14.15,17.78,18.13,21.59,1953,0
1178,16.71,16.25,16.81,14.22,18.4,18.32,21.51,2645,0
1179,17.05,17.73,18.14,17.18,18.7,18.81,21.56,-7,0
1180,17.02,17.98,16.95,16.39,19.46,17.95,21.8,5,0
1181,16.82,16.85,17.72,16.8,18.6,18.31,22.05,8,0
1182,17.22,15.94,16.79,17.3,18.23,18.63,21.09,302,0
1183,17.93,17.1,17.01,16.4,18.42,18.88,22.43,572,0
1184,17.42,17.48,17.4,16.21,18.14,18.52,20.69,562,0
1185,17.63,17.08,17.03,14.08,19.07,19.06,22.0,641,0
1186,17.7,17.61,17.32,18.06,18.61,19.04,21.2,629,0
1187,18.06,15.6,17.0,14.43,18.13,19.63,20.96,586,0
1188,17.29,14.63,17.64,17.21,18.55,18.25,21.27,421,0
1189,17.29,16.42,18.21,14.38,18.55,18.48,21.57,574,0
1190,16.92,17.87,17.74,15.98,18.84,18.14,21.29,529,0
1191,17.15,17.17,17.48,16.69,18.32,18.49,21.65,525,0
1192,17.05,16.21,17.57,13.47,18.62,18.92,21.47,424,0
1193,16.95,15.18,16.37,16.19,19.82,18.33,21.59,518,0
1194,17.22,17.96,17.27,14.36,18.01,18.25,21.84,116,1
1195,15.83,17.23,17.43,14.53,17.94,17.5,22.96,2033,0
1196,17.04,16.19,18.25,16.3,17.98,18.46,21.68,347,0
1197,16.09,14.17,17.6,13.17,17.77,18.22,22.83,1611,0
1198,17.02,16.61,16.17,16.32,17.67,18.79,21.54,883,0
1199,17.41,16.84,17.16,16.37,18.73,18.6,21.37,467,0
1200,16.86,17.27,16.89,15.44,18.46,18.44,21.09,488,0
1201,16.56,16.21,17.89,15.23,18.26,18.27,22.35,3287,0
1202,16.77,17.28,17.49,15.78,18.26,18.09,21.72,3256,0
