,expressionArpin,survival,event
0,17.38,4047,0
1,17.38,4005,0
2,16.67,1474,0
3,17.38,1448,0
4,17.71,348,0
5,16.81,1477,0
6,17.35,1471,0
7,16.7,303,0
8,17.26,259,0
9,16.09,437,0
10,17.1,1321,0
11,18.74,1463,0
12,18.4,434,0
13,16.94,1437,0
14,16.88,635,0
15,16.24,416,0
16,15.45,967,1
17,17.45,242,0
18,17.71,1196,0
19,17.72,852,0
20,16.57,584,0
21,17.05,554,0
22,17.61,4354,0
23,16.72,548,1
24,16.97,2385,0
25,15.44,3709,0
26,16.42,2246,0
27,15.32,2654,0
28,15.79,1920,1
29,16.88,3102,0
30,17.09,1686,0
31,17.03,1099,0
32,16.43,4159,0
33,15.89,3015,0
34,16.43,754,1
35,16.79,3492,1
36,17.65,2813,0
37,17.01,2695,0
38,16.72,3283,0
39,16.57,2348,1
40,15.36,2289,0
41,17.09,158,1
42,17.99,3011,0
43,15.12,3283,0
44,15.73,1728,0
45,15.07,1673,0
46,16.6,1616,0
47,16.87,2048,0
48,14.22,1051,0
49,16.34,1027,0
50,17.73,1873,0
51,16.56,767,0
52,16.67,3094,0
53,16.9,2718,0
54,17.05,2442,0
55,16.94,3603,0
56,14.78,2426,0
57,15.91,2263,0
58,17.14,2190,0
59,13.86,1066,0
60,15.72,1043,0
61,17.62,968,0
62,17.13,1884,1
63,17.15,752,0
64,16.74,1925,0
65,16.34,3017,0
66,17.71,1662,0
67,17.19,825,1
68,15.39,1365,1
69,16.22,1534,0
70,16.41,1347,0
71,15.54,533,0
72,17.96,521,0
73,16.87,255,1
74,14.92,1516,0
75,16.66,624,0
76,17.15,531,0
77,17.14,575,0
78,17.14,631,0
79,16.62,990,0
80,16.94,769,0
81,18.67,554,0
82,17.24,1535,0
83,16.42,666,0
84,16.94,659,0
85,16.87,1505,0
86,17.49,566,0
87,17.01,588,0
88,16.56,1474,0
89,16.28,965,0
90,17.16,723,1
91,15.42,714,0
92,16.69,528,0
93,15.47,1847,0
94,16.1,683,0
95,17.1,616,0
96,16.21,584,0
97,16.02,595,0
98,17.24,501,0
99,16.89,1596,0
100,17.01,3276,0
101,19.41,1291,0
102,18.19,523,0
103,16.13,552,0
104,16.8,3204,0
105,16.94,322,0
106,16.96,1102,0
107,17.22,1206,0
108,17.63,1032,1
109,17.3,2770,0
110,15.32,912,1
111,15.93,996,0
112,16.26,1712,0
113,15.85,1439,1
114,16.86,1093,1
115,16.52,1532,0
116,16.03,1546,0
117,15.75,222,0
118,17.11,742,0
119,16.81,648,0
120,15.01,706,0
121,16.05,820,0
122,16.21,643,0
123,16.1,666,0
124,16.04,1165,0
125,17.41,1074,0
126,16.86,1074,0
127,17.34,1043,0
128,16.84,1079,0
129,16.94,1079,0
130,15.99,931,0
131,16.09,1139,0
132,17.62,1139,0
133,17.39,1085,0
134,17.13,1007,0
135,18.23,1007,0
136,17.5,1007,0
137,16.04,906,0
138,16.58,906,0
139,17.29,906,0
140,15.53,965,0
141,16.09,965,0
142,16.32,614,1
143,18.24,614,1
144,17.31,614,1
145,15.08,765,0
146,17.25,765,0
147,17.36,718,0
148,17.72,718,0
149,16.87,899,0
150,16.73,954,0
151,17.44,954,0
152,17.18,738,0
153,16.51,722,0
154,17.59,724,0
155,17.38,661,0
156,16.74,627,0
157,17.39,627,0
158,17.37,679,0
159,16.88,345,0
160,14.65,322,0
161,17.0,313,0
162,16.37,343,0
163,14.64,408,0
164,16.25,447,0
165,16.66,364,0
166,17.63,454,0
167,15.38,418,0
168,17.3,446,0
169,16.09,441,0
170,16.9,644,0
171,16.98,545,0
172,16.18,448,0
173,14.29,368,0
174,17.18,326,0
175,16.82,336,0
176,16.68,313,0
177,16.59,285,0
178,16.69,317,0
179,17.0,266,0
180,17.84,396,0
181,17.87,396,0
182,18.01,31,0
183,17.08,547,0
184,17.88,1614,0
185,15.84,883,1
186,16.17,943,1
187,16.1,791,0
188,16.39,31,0
189,17.26,518,0
190,17.01,1642,0
191,15.9,274,0
192,16.59,1308,0
193,15.81,1034,0
194,17.42,608,0
195,17.59,577,0
196,17.23,577,0
197,16.47,426,0
198,16.82,365,0
199,15.8,975,0
200,16.37,304,0
201,16.31,334,0
202,17.25,273,0
203,16.99,243,0
204,17.21,760,0
205,16.82,304,0
206,15.84,1371,0
207,16.33,-31,0
208,16.08,458,0
209,16.16,1124,0
210,16.83,396,0
211,16.62,30,0
212,17.86,1156,0
213,17.95,881,0
214,17.42,1004,0
215,16.63,607,0
216,16.62,365,0
217,16.62,1127,1
218,14.86,304,1
219,16.76,943,0
220,17.28,943,0
221,17.31,30,0
222,18.62,1004,0
223,17.05,3409,1
224,17.33,1308,0
225,17.49,1217,0
226,16.05,1004,0
227,17.45,942,0
228,17.02,546,0
229,18.23,1277,0
230,18.18,365,0
231,17.57,304,0
232,16.32,304,0
233,17.56,365,0
234,16.64,1522,0
235,16.3,1492,0
236,15.57,1371,0
237,16.8,912,0
238,17.64,1006,0
239,16.81,31,0
240,16.88,761,0
241,16.85,273,0
242,17.52,579,0
243,16.82,457,0
244,16.93,30,0
245,16.09,426,1
246,17.33,365,0
247,17.22,579,0
248,16.65,396,0
249,16.64,640,0
250,17.03,30,0
251,17.36,822,0
252,15.67,518,0
253,17.39,1157,0
254,15.86,585,0
255,16.8,698,0
256,17.1,2248,0
257,14.47,174,1
258,17.46,174,1
259,17.93,677,0
260,16.17,2222,0
261,14.9,3022,0
262,16.35,1234,0
263,17.38,1234,0
264,17.17,2636,1
265,17.19,2759,0
266,17.2,2759,0
267,17.04,1853,0
268,16.95,2650,0
269,16.76,792,1
270,16.41,792,1
271,16.9,2255,0
272,16.82,1005,0
273,17.14,588,0
274,16.18,446,1
275,16.9,987,0
276,17.32,197,1
277,17.02,496,0
278,16.49,451,0
279,16.37,675,0
280,18.15,734,0
281,16.55,762,0
282,16.1,456,0
283,17.21,504,0
284,17.22,602,0
285,16.97,471,0
286,16.54,707,0
287,16.61,754,0
288,16.31,890,0
289,17.05,511,0
290,16.55,588,0
291,16.25,455,0
292,17.3,348,1
293,14.8,417,0
294,17.2,530,0
295,17.08,568,0
296,15.7,413,0
297,17.23,373,0
298,17.52,373,0
299,17.44,51,0
300,17.46,250,0
301,16.7,1,0
302,17.3,614,0
303,15.92,34,0
304,16.39,40,0
305,17.26,70,0
306,17.29,10,0
307,15.19,10,0
308,16.85,7,0
309,16.91,10,0
310,16.0,19,0
311,17.1,90,0
312,15.57,54,0
313,15.94,52,0
314,15.23,303,0
315,15.82,224,0
316,16.29,227,0
317,17.61,5,0
318,17.77,10,0
319,17.5,10,0
320,16.84,10,0
321,15.59,196,0
322,15.71,172,0
323,16.49,242,0
324,16.32,213,0
325,14.39,231,0
326,17.24,218,0
327,16.73,210,0
328,16.74,214,0
329,16.67,10,0
330,16.48,11,0
331,15.78,10,0
332,15.81,10,0
333,17.25,10,0
334,15.68,16,0
335,17.15,163,0
336,16.83,10,0
337,17.17,375,0
338,16.84,9,0
339,16.53,10,0
340,17.09,10,0
341,15.85,10,0
342,16.88,10,0
343,17.03,162,0
344,16.82,170,0
345,16.24,2442,0
346,15.06,1866,0
347,17.22,2031,0
348,15.41,2483,1
349,18.23,2911,1
350,16.59,2091,0
351,17.32,2124,0
352,17.35,1793,1
353,18.57,1351,0
354,17.27,997,0
355,15.94,651,0
356,16.96,1587,0
357,16.35,792,1
358,16.44,1140,0
359,16.25,618,0
360,16.91,680,0
361,17.1,1613,0
362,16.16,655,0
363,16.88,1542,0
364,16.38,1547,0
365,17.05,2190,0
366,16.69,2335,0
367,17.45,1980,0
368,15.54,798,0
369,14.43,1528,0
370,16.7,1887,0
371,16.74,1683,0
372,16.34,2184,0
373,17.09,3506,0
374,17.37,3456,0
375,15.83,3307,0
376,16.29,3248,0
377,16.93,3286,0
378,17.35,3112,0
379,15.91,2989,0
380,16.55,2372,0
381,18.01,2515,0
382,16.35,2142,0
383,16.71,1842,0
384,15.98,1639,0
385,17.42,1234,0
386,16.84,622,0
387,15.76,2953,0
388,15.38,1882,0
389,16.27,2513,0
390,16.96,350,0
391,17.22,541,0
392,16.31,754,0
393,16.56,819,0
394,17.46,3957,0
395,17.55,172,1
396,17.49,475,0
397,17.28,989,0
398,16.05,78,0
399,15.9,1001,0
400,17.61,584,1
401,17.69,4275,0
402,15.68,2991,0
403,16.31,160,1
404,18.01,2558,0
405,17.76,3316,0
406,15.67,709,0
407,17.52,2288,0
408,16.19,3009,0
409,15.96,1972,0
410,14.7,1699,1
411,15.81,3262,1
412,15.29,1988,0
413,16.33,2551,1
414,16.52,4080,0
415,16.57,3261,0
416,16.15,3807,0
417,15.58,3296,0
418,16.31,3072,0
419,17.53,3159,0
420,17.18,2971,0
421,17.26,2991,0
422,16.84,2920,0
423,17.12,2618,0
424,17.62,2856,0
425,15.78,3021,0
426,16.72,524,1
427,17.92,1150,0
428,17.09,1272,1
429,16.32,2868,0
430,15.76,1864,0
431,16.51,2632,0
432,17.86,2629,0
433,16.77,1026,0
434,17.1,4894,0
435,17.41,1548,0
436,16.77,2866,1
437,16.65,3660,0
438,17.93,3035,0
439,17.15,3607,0
440,17.31,84,0
441,17.57,3172,0
442,14.99,3430,0
443,16.86,2976,0
444,17.46,3202,0
445,16.81,3128,0
446,17.13,3203,0
447,17.02,991,0
448,17.71,3004,0
449,16.88,3001,0
450,16.31,2707,0
451,17.36,3030,0
452,17.68,2838,0
453,17.91,2605,0
454,17.18,2161,0
455,15.95,2854,1
456,17.4,5062,0
457,17.42,616,1
458,15.94,2632,0
459,17.15,1649,1
460,17.74,2012,0
461,17.27,1935,0
462,16.81,1161,0
463,16.42,1198,0
464,17.45,1233,0
465,16.44,1742,0
466,16.48,2231,0
467,17.25,1013,0
468,16.12,1185,0
469,16.74,322,1
470,17.21,2361,1
471,16.53,4361,0
472,18.09,8556,0
473,17.77,991,1
474,18.12,749,1
475,16.88,362,1
476,17.0,8391,0
477,17.07,3941,1
478,17.37,1542,1
479,15.8,1993,1
480,16.48,4456,1
481,16.36,3418,1
482,16.87,7106,0
483,14.81,571,1
484,17.97,3873,1
485,16.86,2573,1
486,16.39,5042,0
487,17.26,3926,1
488,15.66,4285,0
489,16.53,7777,0
490,16.91,2082,0
491,16.95,6456,1
492,17.39,7126,0
493,16.6,2469,1
494,16.6,2373,1
495,16.44,8008,0
496,16.64,4929,0
497,16.71,3126,1
498,16.76,4267,1
499,17.0,3063,1
500,16.35,2721,0
501,16.38,8605,0
502,17.18,5156,0
503,17.64,2965,1
504,17.34,5739,0
505,15.77,2417,1
506,16.84,558,1
507,16.73,639,1
508,16.42,3461,1
509,17.34,6292,0
510,16.74,3945,1
511,17.08,7455,1
512,15.71,860,1
513,18.29,2097,1
514,16.94,1781,1
515,15.05,1326,0
516,16.37,3088,0
517,16.98,2236,0
518,17.0,4233,0
519,16.81,5176,0
520,16.33,1152,1
521,16.83,215,0
522,17.28,2596,0
523,16.09,2134,0
524,17.4,2072,0
525,15.77,573,1
526,17.25,3152,0
527,16.17,2164,0
528,16.61,1914,0
529,16.94,1914,0
530,17.99,1820,0
531,15.76,622,0
532,17.73,777,0
533,17.23,777,0
534,17.27,1919,0
535,17.13,1919,0
536,17.44,2477,0
537,16.99,1148,0
538,16.98,1203,0
539,17.14,1203,0
540,17.47,1191,0
541,17.51,2136,0
542,17.6,2136,0
543,15.61,2483,0
544,17.13,2559,0
545,16.99,2559,0
546,15.64,1569,0
547,17.49,1569,0
548,15.74,1572,0
549,17.06,1132,0
550,17.39,1132,0
551,16.25,974,0
552,17.04,974,0
553,16.01,554,0
554,17.23,1324,1
555,17.3,1871,0
556,16.22,660,0
557,17.02,660,0
558,16.68,2278,0
559,17.26,1876,0
560,16.84,1876,0
561,16.99,2197,0
562,17.73,2296,1
563,17.08,2255,0
564,17.0,2255,0
565,16.93,2330,0
566,16.74,2612,0
567,17.27,2365,0
568,16.58,2365,0
569,16.48,1519,0
570,16.92,1519,0
571,17.07,2371,0
572,16.99,2371,0
573,16.32,2255,0
574,17.31,2255,0
575,17.28,1270,0
576,17.31,1270,0
577,16.36,1411,1
578,16.78,2709,0
579,17.06,2709,0
580,16.55,2767,0
581,17.28,2486,0
582,17.8,2486,0
583,16.06,2372,0
584,16.35,2041,0
585,17.16,2041,0
586,17.42,1156,0
587,16.83,1156,0
588,16.49,912,0
589,15.99,423,0
590,16.7,423,0
591,18.14,2381,0
592,17.26,2381,0
593,17.0,1644,0
594,17.28,1644,0
595,16.93,476,0
596,16.87,476,0
597,16.94,98,0
598,16.92,98,0
599,17.59,78,0
600,17.42,2403,0
601,16.88,2403,0
602,17.24,2064,0
603,17.03,2064,0
604,16.64,2156,0
605,15.76,495,0
606,16.68,495,0
607,16.15,134,0
608,16.32,134,0
609,17.04,477,0
610,16.95,477,0
611,16.86,435,0
612,16.71,293,0
613,17.93,1363,0
614,16.97,2489,0
615,16.66,991,1
616,16.89,745,0
617,17.38,943,0
618,15.71,1926,0
619,17.76,923,0
620,17.58,328,0
621,15.98,461,0
622,17.44,1928,0
623,16.3,1620,0
624,16.99,1620,0
625,17.44,747,0
626,16.13,702,0
627,16.7,702,0
628,17.18,1247,0
629,17.09,1247,0
630,15.83,1611,0
631,17.23,1611,0
632,15.7,806,0
633,16.45,727,0
634,16.81,620,0
635,17.07,178,0
636,17.0,178,0
637,13.58,72,0
638,16.98,516,0
639,16.23,76,0
640,16.56,414,0
641,17.15,1121,0
642,16.62,392,0
643,16.48,1561,0
644,17.21,829,0
645,16.22,1545,0
646,16.16,170,0
647,17.87,728,0
648,17.08,759,0
649,17.09,1288,0
650,17.28,1363,0
651,17.21,701,0
652,17.07,1001,0
653,14.97,149,0
654,16.88,652,0
655,16.79,1093,0
656,16.97,612,1
657,17.44,612,1
658,17.53,2763,1
659,17.2,2763,1
660,16.61,811,1
661,16.9,811,1
662,17.3,2207,1
663,17.2,2207,1
664,17.42,1148,1
665,17.08,1148,1
666,15.64,921,1
667,17.3,921,1
668,16.69,1692,1
669,17.41,1692,1
670,15.64,1142,1
671,17.3,1142,1
672,16.73,2009,1
673,16.94,2009,1
674,16.31,224,1
675,16.71,1563,1
676,17.14,1563,1
677,17.78,1556,1
678,17.57,1556,1
679,16.2,1556,1
680,17.23,2127,1
681,17.49,2127,1
682,18.2,2798,1
683,17.26,2798,1
684,15.13,3462,1
685,16.41,3462,1
686,17.64,2520,1
687,17.24,2520,1
688,17.54,1286,1
689,17.06,1286,1
690,17.4,365,1
691,17.32,365,1
692,17.04,1694,1
693,16.82,1694,1
694,17.7,1508,1
695,17.62,538,1
696,17.1,785,1
697,17.19,785,1
698,18.2,959,1
699,17.47,959,1
700,18.07,2712,1
701,17.47,2965,1
702,17.43,2965,1
703,16.77,763,1
704,17.28,763,1
705,17.65,3669,1
706,17.17,3669,1
707,16.16,3472,1
708,17.51,3472,1
709,17.77,1009,1
710,17.25,1009,1
711,17.03,2273,1
712,17.03,2273,1
713,17.35,2273,1
714,17.16,3736,1
715,17.15,3736,1
716,17.34,1034,1
717,17.36,1034,1
718,16.49,1927,1
719,17.31,1927,1
720,17.22,1673,1
721,17.08,1388,1
722,17.35,1388,1
723,15.86,2192,1
724,17.29,2192,1
725,15.8,1642,1
726,17.06,1642,1
727,16.97,1688,1
728,17.12,1688,1
729,16.36,856,0
730,17.49,795,0
731,15.88,1174,1
732,17.11,1174,1
733,15.2,2534,1
734,17.36,2534,1
735,17.21,1759,1
736,17.13,1759,1
737,17.43,3959,1
738,17.16,3959,1
739,17.06,1120,0
740,17.34,1119,0
741,16.49,612,0
742,15.2,320,1
743,16.65,3364,0
744,16.56,635,0
745,17.31,567,0
746,16.75,715,0
747,16.05,293,0
748,17.13,160,0
749,16.73,295,1
750,17.0,574,0
751,16.94,662,0
752,17.61,287,0
753,16.31,363,0
754,17.28,358,0
755,17.22,358,0
756,18.24,385,0
757,18.08,358,0
758,16.99,385,1
759,16.09,385,0
760,16.21,385,0
761,17.2,385,0
762,15.03,385,0
763,15.3,1476,0
764,17.14,382,0
765,17.15,370,0
766,17.48,411,0
767,16.87,383,0
768,16.85,383,0
769,15.76,393,0
770,16.59,379,0
771,17.07,380,0
772,16.99,375,0
773,16.23,332,0
774,15.76,345,0
775,18.12,343,0
776,16.77,5,0
777,15.55,366,0
778,17.71,317,0
779,17.06,375,0
780,17.16,394,0
781,16.29,375,0
782,15.45,616,0
783,17.49,381,0
784,16.84,376,0
785,16.39,394,0
786,17.38,470,0
787,16.22,513,0
788,17.2,508,0
789,17.38,1,0
790,16.39,297,0
791,18.01,747,0
792,16.62,439,0
793,17.25,1034,1
794,16.08,394,0
795,16.26,396,0
796,16.27,380,0
797,17.03,408,0
798,19.57,1728,0
799,16.31,635,0
800,16.19,403,0
801,17.11,626,0
802,17.26,425,0
803,16.53,431,0
804,16.85,410,0
805,17.05,643,0
806,17.09,584,0
807,16.22,431,0
808,16.89,532,0
809,18.68,502,0
810,16.51,1688,0
811,17.44,480,0
812,17.11,552,0
813,16.88,575,0
814,17.15,366,0
815,16.04,1612,0
816,16.87,426,0
817,16.37,577,0
818,16.89,611,0
819,16.85,612,0
820,16.76,611,0
821,17.27,590,0
822,16.9,620,0
823,17.2,639,0
824,16.9,371,0
825,17.36,405,0
826,17.7,447,0
827,16.78,565,0
828,17.69,541,0
829,17.18,509,0
830,17.0,783,0
831,16.93,727,0
832,15.82,839,0
833,17.39,552,0
834,16.25,377,1
835,15.59,522,0
836,14.85,463,0
837,16.17,448,0
838,17.35,663,0
839,15.88,441,0
840,14.46,606,0
841,17.17,538,0
842,17.33,1682,0
843,16.87,499,0
844,18.09,482,0
845,17.65,496,0
846,17.05,506,0
847,16.22,395,0
848,16.26,461,0
849,16.85,1309,0
850,17.56,503,0
851,16.21,466,0
852,16.9,472,0
853,17.41,302,1
854,16.97,433,0
855,15.5,430,0
856,15.87,530,0
857,15.43,488,0
858,16.04,409,0
859,16.68,397,0
860,16.99,439,0
861,17.58,1461,0
862,18.05,499,0
863,16.77,410,0
864,16.03,519,0
865,16.47,49,0
866,16.32,307,0
867,17.95,398,0
868,17.31,381,0
869,16.77,373,0
870,16.58,1015,0
871,16.44,563,0
872,17.0,659,0
873,17.44,492,0
874,17.1,385,1
875,16.97,767,0
876,14.47,1308,0
877,16.47,2541,0
878,17.78,1047,0
879,17.54,837,0
880,15.81,1417,0
881,16.87,1229,0
882,16.02,1141,0
883,17.54,1220,0
884,17.14,865,0
885,17.49,878,0
886,15.39,1434,0
887,15.36,1359,0
888,18.16,1246,0
889,17.56,1163,0
890,15.93,1174,0
891,16.27,2311,0
892,16.49,1318,0
893,16.14,1042,0
894,17.01,974,0
895,16.5,972,0
896,17.05,2109,0
897,17.01,563,1
898,15.91,1935,0
899,16.13,2128,0
900,17.38,707,0
901,16.56,707,0
902,17.58,591,0
903,14.41,640,0
904,17.22,726,0
905,15.73,450,0
906,17.46,450,0
907,16.64,762,0
908,16.62,710,0
909,16.76,710,0
910,17.57,694,0
911,18.18,526,0
912,18.41,630,0
913,18.45,630,0
914,14.91,658,0
915,16.82,554,0
916,15.91,393,0
917,16.4,1692,0
918,17.67,1692,0
919,16.24,1640,0
920,16.73,275,0
921,16.17,275,0
922,16.85,275,0
923,18.03,626,0
924,17.02,336,1
925,17.0,336,1
926,17.32,1545,0
927,17.22,595,0
928,14.94,1732,0
929,16.74,428,0
930,17.28,1563,0
931,15.92,2329,0
932,17.31,1631,0
933,17.39,2653,0
934,16.08,1004,1
935,16.64,984,0
936,15.27,867,0
937,17.47,501,0
938,17.23,501,0
939,16.27,1133,0
940,15.09,2362,0
941,16.7,1138,0
942,16.43,2140,0
943,17.36,2140,0
944,17.16,1026,0
945,15.94,1025,0
946,17.37,865,0
947,15.36,1800,0
948,17.19,118,0
949,17.21,675,0
950,17.22,1855,0
951,17.09,337,0
952,16.94,1648,0
953,16.47,1836,0
954,16.76,1836,0
955,17.74,2240,0
956,18.14,598,0
957,18.47,748,0
958,17.17,2306,0
959,17.15,2306,0
960,15.92,879,1
961,17.47,1523,0
962,17.17,3247,0
963,16.85,3247,0
964,17.22,3121,0
965,16.74,266,1
966,16.91,1309,0
967,15.97,1604,0
968,17.43,1604,0
969,15.76,821,1
970,17.38,1051,0
971,17.44,1325,0
972,16.22,252,0
973,17.59,931,0
974,14.48,1208,0
975,15.75,1062,0
976,16.0,1179,0
977,14.39,1043,0
978,16.14,538,0
979,16.58,1059,0
980,17.08,1000,0
981,17.05,1000,0
982,17.03,1120,0
983,17.05,1120,0
984,15.9,678,1
985,17.21,678,1
986,16.38,1039,0
987,16.41,1101,0
988,17.07,1101,0
989,15.93,1112,0
990,17.38,1112,0
991,16.8,1203,0
992,15.95,1266,0
993,16.95,1266,0
994,16.12,1088,0
995,19.36,1072,1
996,17.81,1072,1
997,17.69,786,1
998,17.61,786,1
999,17.85,576,0
1000,17.8,300,0
1001,16.09,755,0
1002,17.46,860,0
1003,15.17,1063,0
1004,17.4,78,0
1005,17.51,186,0
1006,18.55,92,0
1007,14.88,339,0
1008,16.39,1467,0
1009,17.66,1467,0
1010,18.49,1369,0
1011,17.39,976,1
1012,17.48,976,1
1013,19.05,1224,0
1014,17.58,1224,0
1015,17.17,34,0
1016,17.68,34,0
1017,16.4,1419,0
1018,17.98,200,0
1019,17.7,200,0
1020,16.48,647,0
1021,17.39,1417,0
1022,17.56,1417,0
1023,17.79,1449,0
1024,17.83,1449,0
1025,17.2,1048,1
1026,17.15,975,0
1027,15.9,1285,0
1028,17.09,1148,0
1029,15.95,1189,0
1030,15.25,1167,0
1031,16.25,1248,0
1032,17.09,1269,0
1033,15.53,1239,0
1034,17.12,1232,0
1035,17.79,612,0
1036,16.53,21,0
1037,16.59,26,1
1038,16.39,1186,0
1039,16.79,59,0
1040,17.69,217,0
1041,17.7,747,0
1042,16.08,375,0
1043,15.35,904,1
1044,16.12,288,0
1045,16.59,1158,0
1046,17.06,1001,0
1047,16.09,918,0
1048,16.17,926,0
1049,16.83,727,0
1050,16.81,725,0
1051,16.21,812,0
1052,16.46,24,0
1053,17.42,785,0
1054,17.16,803,0
1055,16.98,847,0
1056,17.52,371,0
1057,16.84,1208,0
1058,17.65,258,0
1059,16.4,554,0
1060,16.3,575,0
1061,17.22,403,0
1062,16.51,504,0
1063,16.97,477,0
1064,17.34,875,0
1065,16.16,789,0
1066,17.43,694,0
1067,16.98,911,0
1068,16.4,908,0
1069,16.05,1229,0
1070,18.16,1251,0
1071,17.41,1210,0
1072,17.51,1611,0
1073,17.76,907,0
1074,15.92,703,0
1075,17.7,562,0
1076,16.29,915,0
1077,16.78,239,1
1078,15.3,575,0
1079,16.11,608,0
1080,16.55,187,0
1081,16.21,424,0
1082,17.17,320,0
1083,17.5,439,0
1084,17.15,1051,0
1085,16.52,607,0
1086,17.35,1673,0
1087,16.79,1604,0
1088,16.61,788,0
1089,16.6,672,0
1090,15.26,1035,0
1091,17.12,532,0
1092,16.3,533,0
1093,16.26,715,0
1094,18.35,463,0
1095,16.11,510,0
1096,15.63,760,0
1097,16.66,952,0
1098,17.74,1010,0
1099,18.03,225,0
1100,16.88,225,0
1101,16.76,3342,0
1102,17.34,3342,0
1103,16.85,1812,1
1104,16.83,6593,1
1105,16.55,2406,0
1106,15.05,2535,0
1107,17.45,2282,0
1108,17.35,2155,0
1109,16.99,2193,0
1110,17.4,2590,0
1111,17.1,2645,0
1112,17.87,3519,0
1113,16.12,3226,0
1114,17.33,3091,0
1115,15.25,2596,0
1116,14.76,3361,0
1117,17.6,1162,0
1118,16.03,1330,0
1119,15.21,2108,0
1120,17.89,2019,0
1121,17.09,2191,0
1122,16.69,412,0
1123,16.65,551,0
1124,15.8,79,0
1125,17.14,1900,1
1126,16.93,360,0
1127,17.06,352,0
1128,16.9,646,0
1129,16.95,402,0
1130,16.3,404,0
1131,17.35,323,0
1132,16.9,759,0
1133,15.65,996,0
1134,17.34,889,0
1135,15.88,762,0
1136,17.0,519,0
1137,16.97,466,0
1138,15.94,447,0
1139,16.48,440,0
1140,16.94,450,0
1141,15.98,677,0
1142,16.19,80,0
1143,16.94,489,0
1144,16.23,477,0
1145,16.85,227,1
1146,17.49,441,0
1147,16.72,594,0
1148,14.86,376,0
1149,16.08,596,0
1150,14.83,532,0
1151,16.77,849,0
1152,16.51,681,0
1153,16.86,64,0
1154,17.25,1104,1
1155,15.68,1780,0
1156,16.3,973,0
1157,14.83,1783,0
1158,16.67,1219,0
1159,17.62,1062,0
1160,15.91,1106,0
1161,17.07,878,0
1162,16.31,752,0
1163,15.5,679,0
1164,16.41,620,0
1165,15.79,714,0
1166,16.32,1996,0
1167,16.7,1275,1
1168,16.57,1301,0
1169,16.86,792,0
1170,14.26,528,0
1171,16.86,428,0
1172,16.91,858,0
1173,17.16,600,0
1174,16.45,1220,0
1175,16.88,271,0
1176,16.89,1430,1
1177,16.24,1953,0
1178,16.25,2645,0
1179,17.73,-7,0
1180,17.98,5,0
1181,16.85,8,0
1182,15.94,302,0
1183,17.1,572,0
1184,17.48,562,0
1185,17.08,641,0
1186,17.61,629,0
1187,15.6,586,0
1188,14.63,421,0
1189,16.42,574,0
1190,17.87,529,0
1191,17.17,525,0
1192,16.21,424,0
1193,15.18,518,0
1194,17.96,116,1
1195,17.23,2033,0
1196,16.19,347,0
1197,14.17,1611,0
1198,16.61,883,0
1199,16.84,467,0
1200,17.27,488,0
1201,16.21,3287,0
1202,17.28,3256,0
